300.00000 0.00008 0.00000 0.00000 0.00000 0.00000 0.00000 0.00000 0.00000 0.00000
302.10210 0.00036 0.00000 0.00000 0.00000 0.00000 0.00000 0.00000 0.00000 0.00000
304.20420 0.00089 0.00000 0.00000 0.00000 0.00000 0.00000 0.00000 0.00000 0.00000
306.30631 0.00172 0.00000 0.00000 0.00000 0.00000 0.00000 0.00000 0.00000 0.00000
308.40841 0.00302 0.00000 0.00000 0.00000 0.00000 0.00000 0.00000 0.00000 0.00000
310.51051 0.00522 0.00000 0.00000 0.00000 0.00000 0.00000 0.00000 0.00000 0.00000
312.61261 0.00866 0.00000 0.00000 0.00000 0.00000 0.00000 0.00000 0.00000 0.00000
314.71471 0.01396 0.00000 0.00000 0.00000 0.00000 0.00000 0.00000 0.00000 0.00000
316.81682 0.02026 0.00000 0.00000 0.00000 0.00000 0.00000 0.00000 0.00000 0.00000
318.91892 0.02705 0.00000 0.00000 0.00000 0.00000 0.00000 0.00000 0.00000 0.00000
321.02102 0.03401 0.00000 0.00000 0.00000 0.00000 0.00000 0.00000 0.00000 0.00000
323.12312 0.04089 0.00000 0.00000 0.00000 0.00000 0.00000 0.00000 0.00000 0.00000
325.22523 0.04762 0.00000 0.00000 0.00000 0.00000 0.00000 0.00000 0.00000 0.00000
327.32733 0.05406 0.00000 0.00000 0.00000 0.00000 0.00000 0.00000 0.00000 0.00000
329.42943 0.06027 0.00000 0.00000 0.00000 0.00000 0.00000 0.00000 0.00000 0.00000
331.53153 0.06612 0.00000 0.00000 0.00000 0.00000 0.00000 0.00000 0.00000 0.00000
333.63363 0.07142 0.00000 0.00000 0.00000 0.00000 0.00000 0.00000 0.00000 0.00000
335.73574 0.07604 0.00000 0.00000 0.00000 0.00000 0.00000 0.00000 0.00000 0.00000
337.83784 0.08000 0.00000 0.00000 0.00000 0.00000 0.00000 0.00000 0.00000 0.00000
339.93994 0.08379 0.00000 0.00000 0.00000 0.00000 0.00000 0.00000 0.00000 0.00000
342.04204 0.08696 0.00000 0.00000 0.00000 0.00000 0.00000 0.00000 0.00000 0.00000
344.14414 0.08986 0.00000 0.00000 0.00000 0.00000 0.00000 0.00000 0.00000 0.00000
346.24625 0.09295 0.00000 0.00000 0.00000 0.00000 0.00000 0.00000 0.00000 0.00000
348.34835 0.09649 0.00000 0.00000 0.00000 0.00000 0.00000 0.00000 0.00000 0.00000
350.45045 0.10002 0.00000 0.00000 0.00000 0.00000 0.00000 0.00000 0.00000 0.00000
352.55255 0.10240 0.00000 0.00000 0.00000 0.00000 0.00000 0.00000 0.00000 0.00000
354.65465 0.10389 0.00000 0.00000 0.00000 0.00000 0.00000 0.00000 0.00000 0.00000
356.75676 0.10485 0.00000 0.00000 0.00000 0.00000 0.00000 0.00000 0.00000 0.00000
358.85886 0.10564 0.00000 0.00000 0.00000 0.00000 0.00000 0.00000 0.00000 0.00000
360.96096 0.10652 0.00000 0.00000 0.00000 0.00000 0.00000 0.00000 0.00000 0.00000
363.06306 0.10753 0.00000 0.00000 0.00000 0.00000 0.00000 0.00000 0.00000 0.00000
365.16517 0.10837 0.00000 0.00000 0.00000 0.00000 0.00000 0.00000 0.00000 0.00000
367.26727 0.10843 0.00000 0.00000 0.00000 0.00000 0.00000 0.00000 0.00000 0.00000
369.36937 0.10730 0.00000 0.00000 0.00000 0.00000 0.00000 0.00000 0.00000 0.00000
371.47147 0.10485 0.00000 0.00000 0.00000 0.00000 0.00000 0.00000 0.00000 0.00000
373.57357 0.10107 0.00000 0.00000 0.00000 0.00000 0.00000 0.00000 0.00000 0.00000
375.67568 0.09604 0.00000 0.00000 0.00000 0.00000 0.00000 0.00000 0.00000 0.00000
377.77778 0.08940 0.00000 0.00000 0.00000 0.00000 0.00000 0.00000 0.00000 0.00000
379.87988 0.08118 0.00000 0.00000 0.00000 0.00000 0.00000 0.00000 0.00000 0.00000
381.98198 0.07188 0.00000 0.00000 0.00000 0.00000 0.00000 0.00000 0.00000 0.00000
384.08408 0.06187 0.00000 0.00000 0.00000 0.00000 0.00000 0.00000 0.00000 0.00000
386.18619 0.05117 0.00000 0.00000 0.00000 0.00000 0.00000 0.00000 0.00000 0.00000
388.28829 0.03963 0.00000 0.00000 0.00000 0.00000 0.00000 0.00000 0.00000 0.00000
390.39039 0.02744 0.00100 0.00000 0.00000 0.00000 0.00000 0.00000 0.00000 0.00000
392.49249 0.01700 0.00149 0.00000 0.00000 0.00000 0.00000 0.00000 0.00000 0.00000
394.59459 0.01004 0.00578 0.00000 0.00000 0.00000 0.00000 0.00000 0.00000 0.00000
396.69670 0.00592 0.01827 0.00000 0.00000 0.00000 0.00000 0.00000 0.00000 0.00000
398.79880 0.00356 0.04938 0.00000 0.00000 0.00000 0.00000 0.00000 0.00000 0.00000
400.90090 0.00201 0.09372 0.00000 0.00000 0.00000 0.00000 0.00000 0.00000 0.00000
403.00300 0.00100 0.13504 0.00000 0.00000 0.00000 0.00000 0.00000 0.00000 0.00000
405.10511 0.00066 0.15763 0.00000 0.00000 0.00000 0.00000 0.00000 0.00000 0.00000
407.20721 0.00046 0.16783 0.00000 0.00000 0.00000 0.00000 0.00000 0.00000 0.00000
409.30931 0.00030 0.17686 0.00000 0.00000 0.00000 0.00000 0.00000 0.00000 0.00000
411.41141 0.00013 0.18847 0.00000 0.00000 0.00000 0.00000 0.00000 0.00000 0.00000
413.51351 0.00000 0.20157 0.00000 0.00000 0.00000 0.00000 0.00000 0.00000 0.00000
415.61562 0.00000 0.20723 0.00000 0.00000 0.00000 0.00000 0.00000 0.00000 0.00000
417.71772 0.00000 0.21531 0.00000 0.00000 0.00000 0.00000 0.00000 0.00000 0.00000
419.81982 0.00000 0.23156 0.00000 0.00000 0.00000 0.00000 0.00000 0.00000 0.00000
421.92192 0.00000 0.24553 0.00000 0.00000 0.00000 0.00000 0.00000 0.00000 0.00000
424.02402 0.00000 0.25000 0.00000 0.00000 0.00000 0.00000 0.00000 0.00000 0.00000
426.12613 0.00000 0.25376 0.00000 0.00000 0.00000 0.00000 0.00000 0.00000 0.00000
428.22823 0.00000 0.27005 0.00000 0.00000 0.00000 0.00000 0.00000 0.00000 0.00000
430.33033 0.00000 0.28897 0.00000 0.00000 0.00000 0.00000 0.00000 0.00000 0.00000
432.43243 0.00000 0.30086 0.00000 0.00000 0.00000 0.00000 0.00000 0.00000 0.00000
434.53453 0.00000 0.30307 0.00000 0.00000 0.00000 0.00000 0.00000 0.00000 0.00000
436.63664 0.00000 0.31346 0.00000 0.00000 0.00000 0.00000 0.00000 0.00000 0.00000
438.73874 0.00000 0.32817 0.00000 0.00000 0.00000 0.00000 0.00000 0.00000 0.00000
440.84084 0.00000 0.33936 0.00000 0.00000 0.00000 0.00000 0.00000 0.00000 0.00000
442.94294 0.00000 0.34194 0.00000 0.00000 0.00000 0.00000 0.00000 0.00000 0.00000
445.04505 0.00000 0.34827 0.00000 0.00000 0.00000 0.00000 0.00000 0.00000 0.00000
447.14715 0.00000 0.36203 0.00000 0.00000 0.00000 0.00000 0.00000 0.00000 0.00000
449.24925 0.00000 0.37550 0.00000 0.00000 0.00000 0.00000 0.00000 0.00000 0.00000
451.35135 0.00000 0.38811 0.00000 0.00000 0.00000 0.00000 0.00000 0.00000 0.00000
453.45345 0.00000 0.39691 0.00000 0.00000 0.00000 0.00000 0.00000 0.00000 0.00000
455.55556 0.00000 0.39578 0.00000 0.00000 0.00000 0.00000 0.00000 0.00000 0.00000
457.65766 0.00000 0.38537 0.00000 0.00000 0.00000 0.00000 0.00000 0.00000 0.00000
459.75976 0.00000 0.38352 0.00000 0.00000 0.00000 0.00000 0.00000 0.00000 0.00000
461.86186 0.00000 0.39231 0.00000 0.00000 0.00000 0.00000 0.00000 0.00000 0.00000
463.96396 0.00000 0.39600 0.00000 0.00000 0.00000 0.00000 0.00000 0.00000 0.00000
466.06607 0.00000 0.39700 0.00000 0.00000 0.00000 0.00000 0.00000 0.00000 0.00000
468.16817 0.00000 0.39917 0.00000 0.00000 0.00000 0.00000 0.00000 0.00000 0.00000
470.27027 0.00000 0.40127 0.00000 0.00000 0.00000 0.00000 0.00000 0.00000 0.00000
472.37237 0.00000 0.40374 0.00000 0.00000 0.00000 0.00000 0.00000 0.00000 0.00000
474.47447 0.00000 0.41037 0.00000 0.00000 0.00000 0.00000 0.00000 0.00000 0.00000
476.57658 0.00000 0.42146 0.00000 0.00000 0.00000 0.00000 0.00000 0.00000 0.00000
478.67868 0.00000 0.43507 0.00000 0.00000 0.00000 0.00000 0.00000 0.00000 0.00000
480.78078 0.00000 0.44334 0.00000 0.00000 0.00000 0.00000 0.00000 0.00000 0.00000
482.88288 0.00000 0.44777 0.00000 0.00000 0.00000 0.00000 0.00000 0.00000 0.00000
484.98498 0.00000 0.45297 0.00000 0.00000 0.00000 0.00000 0.00000 0.00000 0.00000
487.08709 0.00000 0.45817 0.00000 0.00000 0.00000 0.00000 0.00000 0.00000 0.00000
489.18919 0.00000 0.45981 0.00000 0.00000 0.00000 0.00000 0.00000 0.00000 0.00000
491.29129 0.00000 0.45383 0.00000 0.00000 0.00000 0.00000 0.00000 0.00000 0.00000
493.39339 0.00000 0.45118 0.00000 0.00000 0.00000 0.00000 0.00000 0.00000 0.00000
495.49550 0.00000 0.46098 0.00000 0.00000 0.00000 0.00000 0.00000 0.00000 0.00000
497.59760 0.00000 0.46939 0.00000 0.00000 0.00000 0.00000 0.00000 0.00000 0.00000
499.69970 0.00000 0.47130 0.00000 0.00000 0.00000 0.00000 0.00000 0.00000 0.00000
501.80180 0.00000 0.46640 0.00000 0.00000 0.00000 0.00000 0.00000 0.00000 0.00000
503.90390 0.00000 0.45938 0.00000 0.00000 0.00000 0.00000 0.00000 0.00000 0.00000
506.00601 0.00000 0.45599 0.00000 0.00000 0.00000 0.00000 0.00000 0.00000 0.00000
508.10811 0.00000 0.45600 0.00000 0.00000 0.00000 0.00000 0.00000 0.00000 0.00000
510.21021 0.00000 0.45721 0.00000 0.00000 0.00000 0.00000 0.00000 0.00000 0.00000
512.31231 0.00000 0.45962 0.00000 0.00000 0.00000 0.00000 0.00000 0.00000 0.00000
514.41441 0.00000 0.46666 0.00000 0.00000 0.00000 0.00000 0.00000 0.00000 0.00000
516.51652 0.00000 0.47403 0.00000 0.00000 0.00000 0.00000 0.00000 0.00000 0.00000
518.61862 0.00000 0.47538 0.00000 0.00000 0.00000 0.00000 0.00000 0.00000 0.00000
520.72072 0.00000 0.47228 0.00000 0.00000 0.00000 0.00000 0.00000 0.00000 0.00000
522.82282 0.00000 0.47300 0.00000 0.00000 0.00000 0.00000 0.00000 0.00000 0.00000
524.92492 0.00000 0.47308 0.00000 0.00000 0.00000 0.00000 0.00000 0.00000 0.00000
527.02703 0.00000 0.47408 0.00000 0.00000 0.00000 0.00000 0.00000 0.00000 0.00000
529.12913 0.00000 0.48377 0.00100 0.00000 0.00000 0.00000 0.00000 0.00000 0.00000
531.23123 0.00000 0.49569 0.00100 0.00000 0.00000 0.00000 0.00000 0.00000 0.00000
533.33333 0.00000 0.50033 0.00133 0.00000 0.00000 0.00000 0.00000 0.00000 0.00000
535.43544 0.00000 0.50200 0.00244 0.00000 0.00000 0.00000 0.00000 0.00000 0.00000
537.53754 0.00000 0.50200 0.00454 0.00000 0.00000 0.00000 0.00000 0.00000 0.00000
539.63964 0.00000 0.50136 0.00992 0.00000 0.00000 0.00000 0.00000 0.00000 0.00000
541.74174 0.00000 0.49703 0.02368 0.00000 0.00000 0.00000 0.00000 0.00000 0.00000
543.84384 0.00000 0.48962 0.05856 0.00000 0.00000 0.00000 0.00000 0.00000 0.00000
545.94595 0.00000 0.48127 0.13178 0.00000 0.00000 0.00000 0.00000 0.00000 0.00000
548.04805 0.00000 0.43569 0.24503 0.00000 0.00000 0.00000 0.00000 0.00000 0.00000
550.15015 0.00000 0.31174 0.37541 0.00000 0.00000 0.00000 0.00000 0.00000 0.00000
552.25225 0.00000 0.15936 0.47783 0.00000 0.00000 0.00000 0.00000 0.00000 0.00000
554.35435 0.00000 0.05843 0.53367 0.00000 0.00000 0.00000 0.00000 0.00000 0.00000
556.45646 0.00000 0.02044 0.56011 0.00000 0.00000 0.00000 0.00000 0.00000 0.00000
558.55856 0.00000 0.00732 0.57279 0.00000 0.00000 0.00000 0.00000 0.00000 0.00000
560.66066 0.00000 0.00234 0.58064 0.00000 0.00000 0.00000 0.00000 0.00000 0.00000
562.76276 0.00000 0.00124 0.58553 0.00000 0.00000 0.00000 0.00000 0.00000 0.00000
564.86486 0.00000 0.00100 0.58973 0.00000 0.00000 0.00000 0.00000 0.00000 0.00000
566.96697 0.00000 0.00000 0.59197 0.00000 0.00000 0.00000 0.00000 0.00000 0.00000
569.06907 0.00000 0.00000 0.59100 0.00000 0.00000 0.00000 0.00000 0.00000 0.00000
571.17117 0.00000 0.00000 0.58849 0.00000 0.00000 0.00000 0.00000 0.00000 0.00000
573.27327 0.00000 0.00000 0.58245 0.00000 0.00000 0.00000 0.00000 0.00000 0.00000
575.37538 0.00000 0.00000 0.58350 0.00000 0.00000 0.00000 0.00000 0.00000 0.00000
577.47748 0.00000 0.00000 0.59534 0.00000 0.00000 0.00000 0.00000 0.00000 0.00000
579.57958 0.00000 0.00000 0.60948 0.00000 0.00000 0.00000 0.00000 0.00000 0.00000
581.68168 0.00000 0.00000 0.61636 0.00000 0.00000 0.00000 0.00000 0.00000 0.00000
583.78378 0.00000 0.00000 0.61622 0.00000 0.00000 0.00000 0.00000 0.00000 0.00000
585.88589 0.00000 0.00000 0.61134 0.00000 0.00000 0.00000 0.00000 0.00000 0.00000
587.98799 0.00000 0.00000 0.60900 0.00000 0.00000 0.00000 0.00000 0.00000 0.00000
590.09009 0.00000 0.00000 0.61554 0.00000 0.00000 0.00000 0.00000 0.00000 0.00000
592.19219 0.00000 0.00000 0.62300 0.00000 0.00000 0.00000 0.00000 0.00000 0.00000
594.29429 0.00000 0.00000 0.62100 0.00000 0.00000 0.00000 0.00000 0.00000 0.00000
596.39640 0.00000 0.00000 0.62559 0.00000 0.00000 0.00000 0.00000 0.00000 0.00000
598.49850 0.00000 0.00000 0.63549 0.00000 0.00000 0.00000 0.00000 0.00000 0.00000
600.60060 0.00000 0.00000 0.64160 0.00000 0.00000 0.00000 0.00000 0.00000 0.00000
602.70270 0.00000 0.00000 0.64611 0.00000 0.00000 0.00000 0.00000 0.00000 0.00000
604.80480 0.00000 0.00000 0.65061 0.00000 0.00000 0.00000 0.00000 0.00000 0.00000
606.90691 0.00000 0.00000 0.65291 0.00000 0.00000 0.00000 0.00000 0.00000 0.00000
609.00901 0.00000 0.00000 0.65500 0.00000 0.00000 0.00000 0.00000 0.00000 0.00000
611.11111 0.00000 0.00000 0.65600 0.00000 0.00000 0.00000 0.00000 0.00000 0.00000
613.21321 0.00000 0.00000 0.65679 0.00000 0.00000 0.00000 0.00000 0.00000 0.00000
615.31532 0.00000 0.00000 0.65142 0.00000 0.00000 0.00000 0.00000 0.00000 0.00000
617.41742 0.00000 0.00000 0.64175 0.00000 0.00000 0.00000 0.00000 0.00000 0.00000
619.51952 0.00000 0.00000 0.64104 0.00000 0.00000 0.00000 0.00000 0.00000 0.00000
621.62162 0.00000 0.00000 0.64686 0.00000 0.00000 0.00000 0.00000 0.00000 0.00000
623.72372 0.00000 0.00000 0.64628 0.00000 0.00000 0.00000 0.00000 0.00000 0.00000
625.82583 0.00000 0.00000 0.64765 0.00000 0.00000 0.00000 0.00000 0.00000 0.00000
627.92793 0.00000 0.00000 0.64179 0.00000 0.00000 0.00000 0.00000 0.00000 0.00000
630.03003 0.00000 0.00000 0.65715 0.00000 0.00000 0.00000 0.00000 0.00000 0.00000
632.13213 0.00000 0.00000 0.66174 0.00000 0.00000 0.00000 0.00000 0.00000 0.00000
634.23423 0.00000 0.00000 0.66000 0.00000 0.00000 0.00000 0.00000 0.00000 0.00000
636.33634 0.00000 0.00000 0.66468 0.00000 0.00000 0.00000 0.00000 0.00000 0.00000
638.43844 0.00000 0.00000 0.67519 0.00000 0.00000 0.00000 0.00000 0.00000 0.00000
640.54054 0.00000 0.00000 0.68262 0.00000 0.00000 0.00000 0.00000 0.00000 0.00000
642.64264 0.00000 0.00000 0.68564 0.00000 0.00000 0.00000 0.00000 0.00000 0.00000
644.74474 0.00000 0.00000 0.68626 0.00000 0.00000 0.00000 0.00000 0.00000 0.00000
646.84685 0.00000 0.00000 0.68415 0.00000 0.00000 0.00000 0.00000 0.00000 0.00000
648.94895 0.00000 0.00000 0.68300 0.00000 0.00000 0.00000 0.00000 0.00000 0.00000
651.05105 0.00000 0.00000 0.68590 0.00000 0.00000 0.00000 0.00000 0.00000 0.00000
653.15315 0.00000 0.00000 0.68615 0.00000 0.00000 0.00000 0.00000 0.00000 0.00000
655.25526 0.00000 0.00000 0.68400 0.00000 0.00000 0.00000 0.00000 0.00000 0.00000
657.35736 0.00000 0.00000 0.68200 0.00000 0.00000 0.00000 0.00000 0.00000 0.00000
659.45946 0.00000 0.00000 0.68008 0.00000 0.00000 0.00000 0.00000 0.00000 0.00000
661.56156 0.00000 0.00000 0.67588 0.00000 0.00000 0.00000 0.00000 0.00000 0.00000
663.66366 0.00000 0.00000 0.67001 0.00000 0.00000 0.00000 0.00000 0.00000 0.00000
665.76577 0.00000 0.00000 0.66447 0.00100 0.00000 0.00000 0.00000 0.00000 0.00000
667.86787 0.00000 0.00000 0.66300 0.00100 0.00000 0.00000 0.00000 0.00000 0.00000
669.96997 0.00000 0.00000 0.66300 0.00100 0.00000 0.00000 0.00000 0.00000 0.00000
672.07207 0.00000 0.00000 0.66186 0.00200 0.00000 0.00000 0.00000 0.00000 0.00000
674.17417 0.00000 0.00000 0.65748 0.00317 0.00000 0.00000 0.00000 0.00000 0.00000
676.27628 0.00000 0.00000 0.65117 0.00555 0.00000 0.00000 0.00000 0.00000 0.00000
678.37838 0.00000 0.00000 0.64211 0.01014 0.00000 0.00000 0.00000 0.00000 0.00000
680.48048 0.00000 0.00000 0.62964 0.01888 0.00000 0.00000 0.00000 0.00000 0.00000
682.58258 0.00000 0.00000 0.61176 0.03483 0.00000 0.00000 0.00000 0.00000 0.00000
684.68468 0.00000 0.00000 0.58405 0.07517 0.00000 0.00000 0.00000 0.00000 0.00000
686.78679 0.00000 0.00000 0.45450 0.16132 0.00000 0.00000 0.00000 0.00000 0.00000
688.88889 0.00000 0.00000 0.39511 0.34044 0.00000 0.00000 0.00000 0.00000 0.00000
690.99099 0.00000 0.00000 0.30537 0.51123 0.00000 0.00000 0.00000 0.00000 0.00000
693.09309 0.00000 0.00000 0.19953 0.67624 0.00000 0.00000 0.00000 0.00000 0.00000
695.19520 0.00000 0.00000 0.10975 0.79766 0.00000 0.00000 0.00000 0.00000 0.00000
697.29730 0.00000 0.00000 0.05465 0.84449 0.00000 0.00000 0.00000 0.00000 0.00000
699.39940 0.00000 0.00000 0.02580 0.84680 0.00000 0.00000 0.00000 0.00000 0.00000
701.50150 0.00000 0.00000 0.01299 0.84700 0.00000 0.00000 0.00000 0.00000 0.00000
703.60360 0.00000 0.00000 0.00679 0.84681 0.00000 0.00000 0.00000 0.00000 0.00000
705.70571 0.00000 0.00000 0.00429 0.85112 0.00000 0.00000 0.00000 0.00000 0.00000
707.80781 0.00000 0.00000 0.00219 0.85138 0.00000 0.00000 0.00000 0.00000 0.00000
709.90991 0.00000 0.00000 0.00109 0.84718 0.00000 0.00000 0.00000 0.00000 0.00000
712.01201 0.00000 0.00000 0.00100 0.84904 0.00000 0.00000 0.00000 0.00000 0.00000
714.11411 0.00000 0.00000 0.00000 0.85523 0.00000 0.00000 0.00000 0.00000 0.00000
716.21622 0.00000 0.00000 0.00000 0.85576 0.00000 0.00000 0.00000 0.00000 0.00000
718.31832 0.00000 0.00000 0.00000 0.82759 0.00000 0.00000 0.00000 0.00000 0.00000
720.42042 0.00000 0.00000 0.00000 0.83215 0.00000 0.00000 0.00000 0.00000 0.00000
722.52252 0.00000 0.00000 0.00000 0.85412 0.00000 0.00000 0.00000 0.00000 0.00000
724.62462 0.00000 0.00000 0.00000 0.83300 0.00000 0.00000 0.00000 0.00000 0.00000
726.72673 0.00000 0.00000 0.00000 0.83691 0.00000 0.00000 0.00000 0.00000 0.00000
728.82883 0.00000 0.00000 0.00000 0.83134 0.00000 0.00000 0.00000 0.00000 0.00000
730.93093 0.00000 0.00000 0.00000 0.82869 0.00000 0.00000 0.00000 0.00000 0.00000
733.03303 0.00000 0.00000 0.00000 0.84613 0.00000 0.00000 0.00000 0.00000 0.00000
735.13514 0.00000 0.00000 0.00000 0.85354 0.00000 0.00000 0.00000 0.00000 0.00000
737.23724 0.00000 0.00000 0.00000 0.86095 0.00000 0.00000 0.00000 0.00000 0.00000
739.33934 0.00000 0.00000 0.00000 0.86434 0.00000 0.00000 0.00000 0.00000 0.00000
741.44144 0.00000 0.00000 0.00000 0.86544 0.00000 0.00000 0.00000 0.00000 0.00000
743.54354 0.00000 0.00000 0.00000 0.86500 0.00000 0.00000 0.00000 0.00000 0.00000
745.64565 0.00000 0.00000 0.00000 0.86500 0.00000 0.00000 0.00000 0.00000 0.00000
747.74775 0.00000 0.00000 0.00000 0.86500 0.00000 0.00000 0.00000 0.00000 0.00000
749.84985 0.00000 0.00000 0.00000 0.86785 0.00000 0.00000 0.00000 0.00000 0.00000
751.95195 0.00000 0.00000 0.00000 0.86895 0.00000 0.00000 0.00000 0.00000 0.00000
754.05405 0.00000 0.00000 0.00000 0.86795 0.00000 0.00000 0.00000 0.00000 0.00000
756.15616 0.00000 0.00000 0.00000 0.86569 0.00000 0.00000 0.00000 0.00000 0.00000
758.25826 0.00000 0.00000 0.00000 0.86223 0.00000 0.00000 0.00000 0.00000 0.00000
760.36036 0.00000 0.00000 0.00000 0.38025 0.00000 0.00000 0.00000 0.00000 0.00000
762.46246 0.00000 0.00000 0.00000 0.56297 0.00000 0.00000 0.00000 0.00000 0.00000
764.56456 0.00000 0.00000 0.00000 0.60604 0.00000 0.00000 0.00000 0.00000 0.00000
766.66667 0.00000 0.00000 0.00000 0.76533 0.00000 0.00000 0.00000 0.00000 0.00000
768.76877 0.00000 0.00000 0.00000 0.84223 0.00000 0.00000 0.00000 0.00000 0.00000
770.87087 0.00000 0.00000 0.00000 0.86423 0.00000 0.00000 0.00000 0.00000 0.00000
772.97297 0.00000 0.00000 0.00000 0.86305 0.00000 0.00000 0.00000 0.00000 0.00000
775.07508 0.00000 0.00000 0.00000 0.85777 0.00000 0.00000 0.00000 0.00000 0.00000
777.17718 0.00000 0.00000 0.00000 0.85265 0.00000 0.00000 0.00000 0.00000 0.00000
779.27928 0.00000 0.00000 0.00000 0.84688 0.00000 0.00000 0.00000 0.00000 0.00000
781.38138 0.00000 0.00000 0.00000 0.84162 0.00000 0.00000 0.00000 0.00000 0.00000
783.48348 0.00000 0.00000 0.00000 0.83903 0.00000 0.00000 0.00000 0.00000 0.00000
785.58559 0.00000 0.00000 0.00000 0.83424 0.00100 0.00000 0.00000 0.00000 0.00000
787.68769 0.00000 0.00000 0.00000 0.82862 0.00100 0.00000 0.00000 0.00000 0.00000
789.78979 0.00000 0.00000 0.00000 0.82084 0.00100 0.00000 0.00000 0.00000 0.00000
791.89189 0.00000 0.00000 0.00000 0.82378 0.00100 0.00000 0.00000 0.00000 0.00000
793.99399 0.00000 0.00000 0.00000 0.83396 0.00199 0.00000 0.00000 0.00000 0.00000
796.09610 0.00000 0.00000 0.00000 0.83848 0.00210 0.00000 0.00000 0.00000 0.00000
798.19820 0.00000 0.00000 0.00000 0.84560 0.00420 0.00000 0.00000 0.00000 0.00000
800.30030 0.00000 0.00000 0.00000 0.84010 0.00630 0.00000 0.00000 0.00000 0.00000
802.40240 0.00000 0.00000 0.00000 0.83460 0.00840 0.00000 0.00000 0.00000 0.00000
804.50450 0.00000 0.00000 0.00000 0.83099 0.01351 0.00000 0.00000 0.00000 0.00000
806.60661 0.00000 0.00000 0.00000 0.82557 0.02264 0.00000 0.00000 0.00000 0.00000
808.70871 0.00000 0.00000 0.00000 0.81817 0.04180 0.00000 0.00000 0.00000 0.00000
810.81081 0.00000 0.00000 0.00000 0.81057 0.07541 0.00000 0.00000 0.00000 0.00000
812.91291 0.00000 0.00000 0.00000 0.79852 0.12656 0.00000 0.00000 0.00000 0.00000
815.01502 0.00000 0.00000 0.00000 0.76641 0.20374 0.00000 0.00000 0.00000 0.00000
817.11712 0.00000 0.00000 0.00000 0.67522 0.32725 0.00000 0.00000 0.00000 0.00000
819.21922 0.00000 0.00000 0.00000 0.49779 0.51851 0.00000 0.00000 0.00000 0.00000
821.32132 0.00000 0.00000 0.00000 0.28344 0.71689 0.00000 0.00000 0.00000 0.00000
823.42342 0.00000 0.00000 0.00000 0.12591 0.78514 0.00000 0.00000 0.00000 0.00000
825.52553 0.00000 0.00000 0.00000 0.05839 0.84953 0.00000 0.00000 0.00000 0.00000
827.62763 0.00000 0.00000 0.00000 0.02547 0.84794 0.00000 0.00000 0.00000 0.00000
829.72973 0.00000 0.00000 0.00000 0.01135 0.85854 0.00000 0.00000 0.00000 0.00000
831.83183 0.00000 0.00000 0.00000 0.00534 0.84702 0.00000 0.00000 0.00000 0.00000
833.93393 0.00000 0.00000 0.00000 0.00307 0.85733 0.00000 0.00000 0.00000 0.00000
836.03604 0.00000 0.00000 0.00000 0.00196 0.86736 0.00000 0.00000 0.00000 0.00000
838.13814 0.00000 0.00000 0.00000 0.00100 0.87914 0.00000 0.00000 0.00000 0.00000
840.24024 0.00000 0.00000 0.00000 0.00100 0.87904 0.00000 0.00000 0.00000 0.00000
842.34234 0.00000 0.00000 0.00000 0.00100 0.87232 0.00000 0.00000 0.00000 0.00000
844.44444 0.00000 0.00000 0.00000 0.00000 0.86900 0.00000 0.00000 0.00000 0.00000
846.54655 0.00000 0.00000 0.00000 0.00000 0.86800 0.00000 0.00000 0.00000 0.00000
848.64865 0.00000 0.00000 0.00000 0.00000 0.86635 0.00000 0.00000 0.00000 0.00000
850.75075 0.00000 0.00000 0.00000 0.00000 0.86350 0.00000 0.00000 0.00000 0.00000
852.85285 0.00000 0.00000 0.00000 0.00000 0.85844 0.00000 0.00000 0.00000 0.00000
854.95495 0.00000 0.00000 0.00000 0.00000 0.85405 0.00000 0.00000 0.00000 0.00000
857.05706 0.00000 0.00000 0.00000 0.00000 0.84989 0.00000 0.00000 0.00000 0.00000
859.15916 0.00000 0.00000 0.00000 0.00000 0.84816 0.00000 0.00000 0.00000 0.00000
861.26126 0.00000 0.00000 0.00000 0.00000 0.85026 0.00000 0.00000 0.00000 0.00000
863.36336 0.00000 0.00000 0.00000 0.00000 0.84964 0.00000 0.00000 0.00000 0.00000
865.46547 0.00000 0.00000 0.00000 0.00000 0.84853 0.00000 0.00000 0.00000 0.00000
867.56757 0.00000 0.00000 0.00000 0.00000 0.84543 0.00000 0.00000 0.00000 0.00000
869.66967 0.00000 0.00000 0.00000 0.00000 0.84099 0.00000 0.00000 0.00000 0.00000
871.77177 0.00000 0.00000 0.00000 0.00000 0.83746 0.00000 0.00000 0.00000 0.00000
873.87387 0.00000 0.00000 0.00000 0.00000 0.83325 0.00000 0.00000 0.00000 0.00000
875.97598 0.00000 0.00000 0.00000 0.00000 0.83102 0.00000 0.00000 0.00000 0.00000
878.07808 0.00000 0.00000 0.00000 0.00000 0.82677 0.00000 0.00000 0.00000 0.00000
880.18018 0.00000 0.00000 0.00000 0.00000 0.81928 0.00000 0.00000 0.00000 0.00000
882.28228 0.00000 0.00000 0.00000 0.00000 0.80887 0.00000 0.00000 0.00000 0.00000
884.38438 0.00000 0.00000 0.00000 0.00000 0.79908 0.00000 0.00000 0.00000 0.00000
886.48649 0.00000 0.00000 0.00000 0.00000 0.79103 0.00000 0.00000 0.00000 0.00000
888.58859 0.00000 0.00000 0.00000 0.00000 0.78641 0.00000 0.00000 0.00000 0.00000
890.69069 0.00000 0.00000 0.00000 0.00000 0.78300 0.00000 0.00000 0.00000 0.00000
892.79279 0.00000 0.00000 0.00000 0.00000 0.77783 0.00000 0.00000 0.00000 0.00000
894.89489 0.00000 0.00000 0.00000 0.00000 0.76495 0.00000 0.00000 0.00000 0.00000
896.99700 0.00000 0.00000 0.00000 0.00000 0.72307 0.00000 0.00000 0.00000 0.00000
899.09910 0.00000 0.00000 0.00000 0.00000 0.67576 0.00100 0.00000 0.00000 0.00000
901.20120 0.00000 0.00000 0.00000 0.00000 0.69962 0.00200 0.00000 0.00000 0.00000
903.30330 0.00000 0.00000 0.00000 0.00000 0.70283 0.00200 0.00000 0.00000 0.00000
905.40541 0.00000 0.00000 0.00000 0.00000 0.72054 0.00241 0.00000 0.00000 0.00000
907.50751 0.00000 0.00000 0.00000 0.00000 0.68751 0.00300 0.00000 0.00000 0.00000
909.60961 0.00000 0.00000 0.00000 0.00000 0.68729 0.00561 0.00000 0.00000 0.00000
911.71171 0.00000 0.00000 0.00000 0.00000 0.68317 0.01327 0.00000 0.00000 0.00000
913.81381 0.00000 0.00000 0.00000 0.00000 0.65542 0.03702 0.00000 0.00000 0.00000
915.91592 0.00000 0.00000 0.00000 0.00000 0.62786 0.09531 0.00000 0.00000 0.00000
918.01802 0.00000 0.00000 0.00000 0.00000 0.59196 0.20030 0.00000 0.00000 0.00000
920.12012 0.00000 0.00000 0.00000 0.00000 0.54359 0.34317 0.00000 0.00000 0.00000
922.22222 0.00000 0.00000 0.00000 0.00000 0.41389 0.46322 0.00000 0.00000 0.00000
924.32432 0.00000 0.00000 0.00000 0.00000 0.26062 0.54743 0.00000 0.00000 0.00000
926.42643 0.00000 0.00000 0.00000 0.00000 0.14009 0.60123 0.00000 0.00000 0.00000
928.52853 0.00000 0.00000 0.00000 0.00000 0.06737 0.59911 0.00000 0.00000 0.00000
930.63063 0.00000 0.00000 0.00000 0.00000 0.03206 0.55297 0.00000 0.00000 0.00000
932.73273 0.00000 0.00000 0.00000 0.00000 0.01534 0.49001 0.00000 0.00000 0.00000
934.83483 0.00000 0.00000 0.00000 0.00000 0.00833 0.45921 0.00000 0.00000 0.00000
936.93694 0.00000 0.00000 0.00000 0.00000 0.00506 0.43286 0.00000 0.00000 0.00000
939.03904 0.00000 0.00000 0.00000 0.00000 0.00400 0.51362 0.00000 0.00000 0.00000
941.14114 0.00000 0.00000 0.00000 0.00000 0.00286 0.49814 0.00000 0.00000 0.00000
943.24324 0.00000 0.00000 0.00000 0.00000 0.00200 0.42808 0.00000 0.00000 0.00000
945.34535 0.00000 0.00000 0.00000 0.00000 0.00100 0.44165 0.00000 0.00000 0.00000
947.44745 0.00000 0.00000 0.00000 0.00000 0.00100 0.43439 0.00000 0.00000 0.00000
949.54955 0.00000 0.00000 0.00000 0.00000 0.00100 0.41116 0.00000 0.00000 0.00000
951.65165 0.00000 0.00000 0.00000 0.00000 0.00000 0.41874 0.00000 0.00000 0.00000
953.75375 0.00000 0.00000 0.00000 0.00000 0.00000 0.43180 0.00000 0.00000 0.00000
955.85586 0.00000 0.00000 0.00000 0.00000 0.00000 0.40359 0.00000 0.00000 0.00000
957.95796 0.00000 0.00000 0.00000 0.00000 0.00000 0.41099 0.00000 0.00000 0.00000
960.06006 0.00000 0.00000 0.00000 0.00000 0.00000 0.40100 0.00000 0.00000 0.00000
962.16216 0.00000 0.00000 0.00000 0.00000 0.00000 0.39481 0.00000 0.00000 0.00000
964.26426 0.00000 0.00000 0.00000 0.00000 0.00000 0.38626 0.00000 0.00000 0.00000
966.36637 0.00000 0.00000 0.00000 0.00000 0.00000 0.38163 0.00000 0.00000 0.00000
968.46847 0.00000 0.00000 0.00000 0.00000 0.00000 0.38894 0.00000 0.00000 0.00000
970.57057 0.00000 0.00000 0.00000 0.00000 0.00000 0.37914 0.00000 0.00000 0.00000
972.67267 0.00000 0.00000 0.00000 0.00000 0.00000 0.36127 0.00000 0.00000 0.00000
974.77477 0.00000 0.00000 0.00000 0.00000 0.00000 0.34280 0.00000 0.00000 0.00000
976.87688 0.00000 0.00000 0.00000 0.00000 0.00000 0.33525 0.00000 0.00000 0.00000
978.97898 0.00000 0.00000 0.00000 0.00000 0.00000 0.32602 0.00000 0.00000 0.00000
981.08108 0.00000 0.00000 0.00000 0.00000 0.00000 0.31743 0.00000 0.00000 0.00000
983.18318 0.00000 0.00000 0.00000 0.00000 0.00000 0.30182 0.00000 0.00000 0.00000
985.28529 0.00000 0.00000 0.00000 0.00000 0.00000 0.29143 0.00000 0.00000 0.00000
987.38739 0.00000 0.00000 0.00000 0.00000 0.00000 0.27890 0.00000 0.00000 0.00000
989.48949 0.00000 0.00000 0.00000 0.00000 0.00000 0.26408 0.00000 0.00000 0.00000
991.59159 0.00000 0.00000 0.00000 0.00000 0.00000 0.25204 0.00000 0.00000 0.00000
993.69369 0.00000 0.00000 0.00000 0.00000 0.00000 0.23953 0.00000 0.00000 0.00000
995.79580 0.00000 0.00000 0.00000 0.00000 0.00000 0.22802 0.00000 0.00000 0.00000
997.89790 0.00000 0.00000 0.00000 0.00000 0.00000 0.21651 0.00000 0.00000 0.00000
1000.00000 0.00000 0.00000 0.00000 0.00000 0.00000 0.20500 0.00000 0.00000 0.00000
1002.10210 0.00000 0.00000 0.00000 0.00000 0.00000 0.19439 0.00000 0.00000 0.00000
1004.20420 0.00000 0.00000 0.00000 0.00000 0.00000 0.18198 0.00000 0.00000 0.00000
1006.30631 0.00000 0.00000 0.00000 0.00000 0.00000 0.17147 0.00000 0.00000 0.00000
1008.40841 0.00000 0.00000 0.00000 0.00000 0.00000 0.15996 0.00000 0.00000 0.00000
1010.51051 0.00000 0.00000 0.00000 0.00000 0.00000 0.14945 0.00000 0.00000 0.00000
1012.61261 0.00000 0.00000 0.00000 0.00000 0.00000 0.13794 0.00000 0.00000 0.00000
1014.71471 0.00000 0.00000 0.00000 0.00000 0.00000 0.12814 0.00000 0.00000 0.00000
1016.81682 0.00000 0.00000 0.00000 0.00000 0.00000 0.12073 0.00000 0.00000 0.00000
1018.91892 0.00000 0.00000 0.00000 0.00000 0.00000 0.11141 0.00000 0.00000 0.00000
1021.02102 0.00000 0.00000 0.00000 0.00000 0.00000 0.10189 0.00000 0.00000 0.00000
1023.12312 0.00000 0.00000 0.00000 0.00000 0.00000 0.09363 0.00000 0.00000 0.00000
1025.22523 0.00000 0.00000 0.00000 0.00000 0.00000 0.08710 0.00000 0.00000 0.00000
1027.32733 0.00000 0.00000 0.00000 0.00000 0.00000 0.08002 0.00000 0.00000 0.00000
1029.42943 0.00000 0.00000 0.00000 0.00000 0.00000 0.07328 0.00000 0.00000 0.00000
1031.53153 0.00000 0.00000 0.00000 0.00000 0.00000 0.06541 0.00000 0.00000 0.00000
1033.63363 0.00000 0.00000 0.00000 0.00000 0.00000 0.05810 0.00000 0.00000 0.00000
1035.73574 0.00000 0.00000 0.00000 0.00000 0.00000 0.05353 0.00000 0.00000 0.00000
1037.83784 0.00000 0.00000 0.00000 0.00000 0.00000 0.04832 0.00000 0.00000 0.00000
1039.93994 0.00000 0.00000 0.00000 0.00000 0.00000 0.04312 0.00000 0.00000 0.00000
1042.04204 0.00000 0.00000 0.00000 0.00000 0.00000 0.03892 0.00000 0.00000 0.00000
1044.14414 0.00000 0.00000 0.00000 0.00000 0.00000 0.03586 0.00000 0.00000 0.00000
1046.24625 0.00000 0.00000 0.00000 0.00000 0.00000 0.03375 0.00000 0.00000 0.00000
1048.34835 0.00000 0.00000 0.00000 0.00000 0.00000 0.03130 0.00000 0.00000 0.00000
1050.45045 0.00000 0.00000 0.00000 0.00000 0.00000 0.02855 0.00000 0.00000 0.00000
1052.55255 0.00000 0.00000 0.00000 0.00000 0.00000 0.02645 0.00000 0.00000 0.00000
1054.65465 0.00000 0.00000 0.00000 0.00000 0.00000 0.02435 0.00000 0.00000 0.00000
1056.75676 0.00000 0.00000 0.00000 0.00000 0.00000 0.02224 0.00000 0.00000 0.00000
1058.85886 0.00000 0.00000 0.00000 0.00000 0.00000 0.02014 0.00000 0.00000 0.00000
1060.96096 0.00000 0.00000 0.00000 0.00000 0.00000 0.01804 0.00000 0.00000 0.00000
1063.06306 0.00000 0.00000 0.00000 0.00000 0.00000 0.01594 0.00011 0.00000 0.00000
1065.16517 0.00000 0.00000 0.00000 0.00000 0.00000 0.01483 0.00032 0.00000 0.00000
1067.26727 0.00000 0.00000 0.00000 0.00000 0.00000 0.01373 0.00075 0.00000 0.00000
1069.36937 0.00000 0.00000 0.00000 0.00000 0.00000 0.01200 0.00133 0.00000 0.00000
1071.47147 0.00000 0.00000 0.00000 0.00000 0.00000 0.01100 0.00185 0.00000 0.00000
1073.57357 0.00000 0.00000 0.00000 0.00000 0.00000 0.01043 0.00236 0.00000 0.00000
1075.67568 0.00000 0.00000 0.00000 0.00000 0.00000 0.00932 0.00333 0.00000 0.00000
1077.77778 0.00000 0.00000 0.00000 0.00000 0.00000 0.00822 0.00529 0.00000 0.00000
1079.87988 0.00000 0.00000 0.00000 0.00000 0.00000 0.00800 0.00870 0.00000 0.00000
1081.98198 0.00000 0.00000 0.00000 0.00000 0.00000 0.00700 0.01227 0.00000 0.00000
1084.08408 0.00000 0.00000 0.00000 0.00000 0.00000 0.00600 0.02059 0.00000 0.00000
1086.18619 0.00000 0.00000 0.00000 0.00000 0.00000 0.00600 0.02781 0.00000 0.00000
1088.28829 0.00000 0.00000 0.00000 0.00000 0.00000 0.00500 0.03698 0.00000 0.00000
1090.39039 0.00000 0.00000 0.00000 0.00000 0.00000 0.00500 0.04432 0.00000 0.00000
1092.49249 0.00000 0.00000 0.00000 0.00000 0.00000 0.00400 0.05010 0.00000 0.00000
1094.59459 0.00000 0.00000 0.00000 0.00000 0.00000 0.00400 0.05410 0.00000 0.00000
1096.69670 0.00000 0.00000 0.00000 0.00000 0.00000 0.00300 0.05819 0.00000 0.00000
1098.79880 0.00000 0.00000 0.00000 0.00000 0.00000 0.00300 0.06358 0.00000 0.00000
1100.90090 0.00000 0.00000 0.00000 0.00000 0.00000 0.00000 0.06898 0.00000 0.00000
1103.00300 0.00000 0.00000 0.00000 0.00000 0.00000 0.00000 0.13927 0.00000 0.00000
1105.10511 0.00000 0.00000 0.00000 0.00000 0.00000 0.00000 0.27714 0.00000 0.00000
1107.20721 0.00000 0.00000 0.00000 0.00000 0.00000 0.00000 0.34280 0.00000 0.00000
1109.30931 0.00000 0.00000 0.00000 0.00000 0.00000 0.00000 0.36064 0.00000 0.00000
1111.41141 0.00000 0.00000 0.00000 0.00000 0.00000 0.00000 0.37584 0.00000 0.00000
1113.51351 0.00000 0.00000 0.00000 0.00000 0.00000 0.00000 0.36141 0.00000 0.00000
1115.61562 0.00000 0.00000 0.00000 0.00000 0.00000 0.00000 0.33545 0.00000 0.00000
1117.71772 0.00000 0.00000 0.00000 0.00000 0.00000 0.00000 0.24204 0.00000 0.00000
1119.81982 0.00000 0.00000 0.00000 0.00000 0.00000 0.00000 0.24946 0.00000 0.00000
1121.92192 0.00000 0.00000 0.00000 0.00000 0.00000 0.00000 0.27137 0.00000 0.00000
1124.02402 0.00000 0.00000 0.00000 0.00000 0.00000 0.00000 0.27816 0.00000 0.00000
1126.12613 0.00000 0.00000 0.00000 0.00000 0.00000 0.00000 0.26761 0.00000 0.00000
1128.22823 0.00000 0.00000 0.00000 0.00000 0.00000 0.00000 0.25667 0.00000 0.00000
1130.33033 0.00000 0.00000 0.00000 0.00000 0.00000 0.00000 0.37859 0.00000 0.00000
1132.43243 0.00000 0.00000 0.00000 0.00000 0.00000 0.00000 0.47001 0.00000 0.00000
1134.53453 0.00000 0.00000 0.00000 0.00000 0.00000 0.00000 0.26512 0.00000 0.00000
1136.63664 0.00000 0.00000 0.00000 0.00000 0.00000 0.00000 0.42998 0.00000 0.00000
1138.73874 0.00000 0.00000 0.00000 0.00000 0.00000 0.00000 0.37929 0.00000 0.00000
1140.84084 0.00000 0.00000 0.00000 0.00000 0.00000 0.00000 0.22764 0.00000 0.00000
1142.94294 0.00000 0.00000 0.00000 0.00000 0.00000 0.00000 0.52123 0.00000 0.00000
1145.04505 0.00000 0.00000 0.00000 0.00000 0.00000 0.00000 0.39254 0.00000 0.00000
1147.14715 0.00000 0.00000 0.00000 0.00000 0.00000 0.00000 0.26313 0.00000 0.00000
1149.24925 0.00000 0.00000 0.00000 0.00000 0.00000 0.00000 0.28063 0.00000 0.00000
1151.35135 0.00000 0.00000 0.00000 0.00000 0.00000 0.00000 0.29814 0.00000 0.00000
1153.45345 0.00000 0.00000 0.00000 0.00000 0.00000 0.00000 0.31565 0.00000 0.00000
1155.55556 0.00000 0.00000 0.00000 0.00000 0.00000 0.00000 0.27481 0.00000 0.00000
1157.65766 0.00000 0.00000 0.00000 0.00000 0.00000 0.00000 0.21347 0.00000 0.00000
1159.75976 0.00000 0.00000 0.00000 0.00000 0.00000 0.00000 0.24005 0.00000 0.00000
1161.86186 0.00000 0.00000 0.00000 0.00000 0.00000 0.00000 0.42197 0.00000 0.00000
1163.96396 0.00000 0.00000 0.00000 0.00000 0.00000 0.00000 0.60388 0.00000 0.00000
1166.06607 0.00000 0.00000 0.00000 0.00000 0.00000 0.00000 0.61451 0.00000 0.00000
1168.16817 0.00000 0.00000 0.00000 0.00000 0.00000 0.00000 0.64064 0.00000 0.00000
1170.27027 0.00000 0.00000 0.00000 0.00000 0.00000 0.00000 0.68095 0.00000 0.00000
1172.37237 0.00000 0.00000 0.00000 0.00000 0.00000 0.00000 0.71710 0.00000 0.00000
1174.47447 0.00000 0.00000 0.00000 0.00000 0.00000 0.00000 0.74161 0.00000 0.00000
1176.57658 0.00000 0.00000 0.00000 0.00000 0.00000 0.00000 0.77957 0.00000 0.00000
1178.67868 0.00000 0.00000 0.00000 0.00000 0.00000 0.00000 0.82366 0.00000 0.00000
1180.78078 0.00000 0.00000 0.00000 0.00000 0.00000 0.00000 0.80660 0.00000 0.00000
1182.88288 0.00000 0.00000 0.00000 0.00000 0.00000 0.00000 0.79456 0.00000 0.00000
1184.98498 0.00000 0.00000 0.00000 0.00000 0.00000 0.00000 0.80470 0.00000 0.00000
1187.08709 0.00000 0.00000 0.00000 0.00000 0.00000 0.00000 0.82444 0.00000 0.00000
1189.18919 0.00000 0.00000 0.00000 0.00000 0.00000 0.00000 0.83663 0.00000 0.00000
1191.29129 0.00000 0.00000 0.00000 0.00000 0.00000 0.00000 0.83616 0.00000 0.00000
1193.39339 0.00000 0.00000 0.00000 0.00000 0.00000 0.00000 0.79601 0.00000 0.00000
1195.49550 0.00000 0.00000 0.00000 0.00000 0.00000 0.00000 0.74471 0.00000 0.00000
1197.59760 0.00000 0.00000 0.00000 0.00000 0.00000 0.00000 0.72269 0.00000 0.00000
1199.69970 0.00000 0.00000 0.00000 0.00000 0.00000 0.00000 0.70585 0.00000 0.00000
1201.80180 0.00000 0.00000 0.00000 0.00000 0.00000 0.00000 0.69941 0.00000 0.00000
1203.90390 0.00000 0.00000 0.00000 0.00000 0.00000 0.00000 0.70046 0.00000 0.00000
1206.00601 0.00000 0.00000 0.00000 0.00000 0.00000 0.00000 0.70229 0.00000 0.00000
1208.10811 0.00000 0.00000 0.00000 0.00000 0.00000 0.00000 0.70412 0.00000 0.00000
1210.21021 0.00000 0.00000 0.00000 0.00000 0.00000 0.00000 0.70412 0.00000 0.00000
1212.31231 0.00000 0.00000 0.00000 0.00000 0.00000 0.00000 0.70277 0.00000 0.00000
1214.41441 0.00000 0.00000 0.00000 0.00000 0.00000 0.00000 0.70142 0.00000 0.00000
1216.51652 0.00000 0.00000 0.00000 0.00000 0.00000 0.00000 0.70375 0.00000 0.00000
1218.61862 0.00000 0.00000 0.00000 0.00000 0.00000 0.00000 0.71737 0.00000 0.00000
1220.72072 0.00000 0.00000 0.00000 0.00000 0.00000 0.00000 0.73099 0.00000 0.00000
1222.82282 0.00000 0.00000 0.00000 0.00000 0.00000 0.00000 0.72457 0.00000 0.00000
1224.92492 0.00000 0.00000 0.00000 0.00000 0.00000 0.00000 0.71507 0.00000 0.00000
1227.02703 0.00000 0.00000 0.00000 0.00000 0.00000 0.00000 0.70662 0.00000 0.00000
1229.12913 0.00000 0.00000 0.00000 0.00000 0.00000 0.00000 0.77846 0.00000 0.00000
1231.23123 0.00000 0.00000 0.00000 0.00000 0.00000 0.00000 0.84608 0.00000 0.00000
1233.33333 0.00000 0.00000 0.00000 0.00000 0.00000 0.00000 0.87950 0.00000 0.00000
1235.43544 0.00000 0.00000 0.00000 0.00000 0.00000 0.00000 0.91292 0.00000 0.00000
1237.53754 0.00000 0.00000 0.00000 0.00000 0.00000 0.00000 0.93366 0.00000 0.00000
1239.63964 0.00000 0.00000 0.00000 0.00000 0.00000 0.00000 0.94974 0.00000 0.00000
1241.74174 0.00000 0.00000 0.00000 0.00000 0.00000 0.00000 0.95908 0.00000 0.00000
1243.84384 0.00000 0.00000 0.00000 0.00000 0.00000 0.00000 0.96701 0.00000 0.00000
1245.94595 0.00000 0.00000 0.00000 0.00000 0.00000 0.00000 0.96235 0.00000 0.00000
1248.04805 0.00000 0.00000 0.00000 0.00000 0.00000 0.00000 0.95307 0.00000 0.00000
1250.15015 0.00000 0.00000 0.00000 0.00000 0.00000 0.00000 0.94018 0.00000 0.00000
1252.25225 0.00000 0.00000 0.00000 0.00000 0.00000 0.00000 0.92729 0.00000 0.00000
1254.35435 0.00000 0.00000 0.00000 0.00000 0.00000 0.00000 0.90259 0.00000 0.00000
1256.45646 0.00000 0.00000 0.00000 0.00000 0.00000 0.00000 0.87353 0.00000 0.00000
1258.55856 0.00000 0.00000 0.00000 0.00000 0.00000 0.00000 0.83877 0.00000 0.00000
1260.66066 0.00000 0.00000 0.00000 0.00000 0.00000 0.00000 0.79540 0.00000 0.00000
1262.76276 0.00000 0.00000 0.00000 0.00000 0.00000 0.00000 0.77346 0.00000 0.00000
1264.86486 0.00000 0.00000 0.00000 0.00000 0.00000 0.00000 0.75151 0.00000 0.00000
1266.96697 0.00000 0.00000 0.00000 0.00000 0.00000 0.00000 0.72178 0.00000 0.00000
1269.06907 0.00000 0.00000 0.00000 0.00000 0.00000 0.00000 0.69151 0.00000 0.00000
1271.17117 0.00000 0.00000 0.00000 0.00000 0.00000 0.00000 0.67208 0.00000 0.00000
1273.27327 0.00000 0.00000 0.00000 0.00000 0.00000 0.00000 0.66128 0.00000 0.00000
1275.37538 0.00000 0.00000 0.00000 0.00000 0.00000 0.00000 0.65112 0.00000 0.00000
1277.47748 0.00000 0.00000 0.00000 0.00000 0.00000 0.00000 0.64398 0.00000 0.00000
1279.57958 0.00000 0.00000 0.00000 0.00000 0.00000 0.00000 0.63910 0.00000 0.00000
1281.68168 0.00000 0.00000 0.00000 0.00000 0.00000 0.00000 0.64018 0.00000 0.00000
1283.78378 0.00000 0.00000 0.00000 0.00000 0.00000 0.00000 0.64126 0.00000 0.00000
1285.88589 0.00000 0.00000 0.00000 0.00000 0.00000 0.00000 0.64234 0.00000 0.00000
1287.98799 0.00000 0.00000 0.00000 0.00000 0.00000 0.00000 0.64445 0.00000 0.00000
1290.09009 0.00000 0.00000 0.00000 0.00000 0.00000 0.00000 0.64663 0.00000 0.00000
1292.19219 0.00000 0.00000 0.00000 0.00000 0.00000 0.00000 0.64990 0.00000 0.00000
1294.29429 0.00000 0.00000 0.00000 0.00000 0.00000 0.00000 0.66411 0.00000 0.00000
1296.39640 0.00000 0.00000 0.00000 0.00000 0.00000 0.00000 0.67832 0.00000 0.00000
1298.49850 0.00000 0.00000 0.00000 0.00000 0.00000 0.00000 0.70353 0.00000 0.00000
1300.60060 0.00000 0.00000 0.00000 0.00000 0.00000 0.00000 0.73317 0.00000 0.00000
1302.70270 0.00000 0.00000 0.00000 0.00000 0.00000 0.00000 0.75829 0.00000 0.00000
1304.80480 0.00000 0.00000 0.00000 0.00000 0.00000 0.00000 0.77440 0.00000 0.00000
1306.90691 0.00000 0.00000 0.00000 0.00000 0.00000 0.00000 0.81013 0.00000 0.00000
1309.00901 0.00000 0.00000 0.00000 0.00000 0.00000 0.00000 0.78850 0.00000 0.00000
1311.11111 0.00000 0.00000 0.00000 0.00000 0.00000 0.00000 0.75626 0.00000 0.00000
1313.21321 0.00000 0.00000 0.00000 0.00000 0.00000 0.00000 0.73745 0.00000 0.00000
1315.31532 0.00000 0.00000 0.00000 0.00000 0.00000 0.00000 0.89967 0.00000 0.00000
1317.41742 0.00000 0.00000 0.00000 0.00000 0.00000 0.00000 0.90648 0.00000 0.00000
1319.51952 0.00000 0.00000 0.00000 0.00000 0.00000 0.00000 0.85332 0.00000 0.00000
1321.62162 0.00000 0.00000 0.00000 0.00000 0.00000 0.00000 0.84612 0.00000 0.00000
1323.72372 0.00000 0.00000 0.00000 0.00000 0.00000 0.00000 0.87966 0.00000 0.00000
1325.82583 0.00000 0.00000 0.00000 0.00000 0.00000 0.00000 0.99079 0.00000 0.00000
1327.92793 0.00000 0.00000 0.00000 0.00000 0.00000 0.00000 0.94925 0.00000 0.00000
1330.03003 0.00000 0.00000 0.00000 0.00000 0.00000 0.00000 0.89430 0.00000 0.00000
1332.13213 0.00000 0.00000 0.00000 0.00000 0.00000 0.00000 0.86641 0.00000 0.00000
1334.23423 0.00000 0.00000 0.00000 0.00000 0.00000 0.00000 0.50768 0.00000 0.00000
1336.33634 0.00000 0.00000 0.00000 0.00000 0.00000 0.00000 0.35015 0.00000 0.00000
1338.43844 0.00000 0.00000 0.00000 0.00000 0.00000 0.00000 0.78921 0.00000 0.00000
1340.54054 0.00000 0.00000 0.00000 0.00000 0.00000 0.00000 0.82285 0.00000 0.00000
1342.64264 0.00000 0.00000 0.00000 0.00000 0.00000 0.00000 0.70870 0.00000 0.00000
1344.74474 0.00000 0.00000 0.00000 0.00000 0.00000 0.00000 0.61020 0.00000 0.00000
1346.84685 0.00000 0.00000 0.00000 0.00000 0.00000 0.00000 0.46576 0.00000 0.00000
1348.94895 0.00000 0.00000 0.00000 0.00000 0.00000 0.00000 0.24848 0.00000 0.00000
1351.05105 0.00000 0.00000 0.00000 0.00000 0.00000 0.00000 0.12588 0.00000 0.00000
1353.15315 0.00000 0.00000 0.00000 0.00000 0.00000 0.00000 0.01331 0.00000 0.00000
1355.25526 0.00000 0.00000 0.00000 0.00000 0.00000 0.00000 0.00224 0.00000 0.00000
1357.35736 0.00000 0.00000 0.00000 0.00000 0.00000 0.00000 0.01901 0.00000 0.00000
1359.45946 0.00000 0.00000 0.00000 0.00000 0.00000 0.00000 0.03579 0.00000 0.00000
1361.56156 0.00000 0.00000 0.00000 0.00000 0.00000 0.00000 0.02157 0.00000 0.00000
1363.66366 0.00000 0.00000 0.00000 0.00000 0.00000 0.00000 0.00410 0.00000 0.00000
1365.76577 0.00000 0.00000 0.00000 0.00000 0.00000 0.00000 0.00284 0.00000 0.00000
1367.86787 0.00000 0.00000 0.00000 0.00000 0.00000 0.00000 0.00158 0.00000 0.00000
1369.96997 0.00000 0.00000 0.00000 0.00000 0.00000 0.00000 0.00032 0.00000 0.00000
1372.07207 0.00000 0.00000 0.00000 0.00000 0.00000 0.00000 0.02579 0.00000 0.00000
1374.17417 0.00000 0.00000 0.00000 0.00000 0.00000 0.00000 0.02643 0.00000 0.00000
1376.27628 0.00000 0.00000 0.00000 0.00000 0.00000 0.00000 0.00714 0.00000 0.00000
1378.37838 0.00000 0.00000 0.00000 0.00000 0.00000 0.00000 0.00039 0.00000 0.00000
1380.48048 0.00000 0.00000 0.00000 0.00000 0.00000 0.00000 0.00021 0.00000 0.00000
1382.58258 0.00000 0.00000 0.00000 0.00000 0.00000 0.00000 0.00003 0.00000 0.00000
1384.68468 0.00000 0.00000 0.00000 0.00000 0.00000 0.00000 0.00003 0.00000 0.00000
1386.78679 0.00000 0.00000 0.00000 0.00000 0.00000 0.00000 0.00008 0.00000 0.00000
1388.88889 0.00000 0.00000 0.00000 0.00000 0.00000 0.00000 0.00081 0.00000 0.00000
1390.99099 0.00000 0.00000 0.00000 0.00000 0.00000 0.00000 0.00249 0.00000 0.00000
1393.09309 0.00000 0.00000 0.00000 0.00000 0.00000 0.00000 0.00221 0.00000 0.00000
1395.19520 0.00000 0.00000 0.00000 0.00000 0.00000 0.00000 0.00190 0.00000 0.00000
1397.29730 0.00000 0.00000 0.00000 0.00000 0.00000 0.00000 0.05305 0.00000 0.00000
1399.39940 0.00000 0.00000 0.00000 0.00000 0.00000 0.00000 0.03563 0.00000 0.00000
1401.50150 0.00000 0.00000 0.00000 0.00000 0.00000 0.00000 0.02618 0.00000 0.00000
1403.60360 0.00000 0.00000 0.00000 0.00000 0.00000 0.00000 0.01866 0.00000 0.00000
1405.70571 0.00000 0.00000 0.00000 0.00000 0.00000 0.00000 0.04230 0.00000 0.00000
1407.80781 0.00000 0.00000 0.00000 0.00000 0.00000 0.00000 0.00094 0.00000 0.00000
1409.90991 0.00000 0.00000 0.00000 0.00000 0.00000 0.00000 0.00234 0.00000 0.00000
1412.01201 0.00000 0.00000 0.00000 0.00000 0.00000 0.00000 0.00531 0.00000 0.00000
1414.11411 0.00000 0.00000 0.00000 0.00000 0.00000 0.00000 0.00704 0.00000 0.00000
1416.21622 0.00000 0.00000 0.00000 0.00000 0.00000 0.00000 0.00826 0.00000 0.00000
1418.31832 0.00000 0.00000 0.00000 0.00000 0.00000 0.00000 0.00494 0.00001 0.00000
1420.42042 0.00000 0.00000 0.00000 0.00000 0.00000 0.00000 0.00162 0.00006 0.00000
1422.52252 0.00000 0.00000 0.00000 0.00000 0.00000 0.00000 0.00058 0.00010 0.00000
1424.62462 0.00000 0.00000 0.00000 0.00000 0.00000 0.00000 0.00041 0.00015 0.00000
1426.72673 0.00000 0.00000 0.00000 0.00000 0.00000 0.00000 0.00030 0.00020 0.00000
1428.82883 0.00000 0.00000 0.00000 0.00000 0.00000 0.00000 0.00032 0.00025 0.00000
1430.93093 0.00000 0.00000 0.00000 0.00000 0.00000 0.00000 0.00033 0.00029 0.00000
1433.03303 0.00000 0.00000 0.00000 0.00000 0.00000 0.00000 0.00034 0.00034 0.00000
1435.13514 0.00000 0.00000 0.00000 0.00000 0.00000 0.00000 0.00036 0.00039 0.00000
1437.23724 0.00000 0.00000 0.00000 0.00000 0.00000 0.00000 0.00037 0.00044 0.00000
1439.33934 0.00000 0.00000 0.00000 0.00000 0.00000 0.00000 0.00038 0.00048 0.00000
1441.44144 0.00000 0.00000 0.00000 0.00000 0.00000 0.00000 0.00040 0.00065 0.00000
1443.54354 0.00000 0.00000 0.00000 0.00000 0.00000 0.00000 0.00032 0.00087 0.00000
1445.64565 0.00000 0.00000 0.00000 0.00000 0.00000 0.00000 0.00022 0.00109 0.00000
1447.74775 0.00000 0.00000 0.00000 0.00000 0.00000 0.00000 0.00011 0.00131 0.00000
1449.84985 0.00000 0.00000 0.00000 0.00000 0.00000 0.00000 0.00001 0.00153 0.00000
1451.95195 0.00000 0.00000 0.00000 0.00000 0.00000 0.00000 0.00000 0.00175 0.00000
1454.05405 0.00000 0.00000 0.00000 0.00000 0.00000 0.00000 0.00000 0.00197 0.00000
1456.15616 0.00000 0.00000 0.00000 0.00000 0.00000 0.00000 0.00000 0.00219 0.00000
1458.25826 0.00000 0.00000 0.00000 0.00000 0.00000 0.00000 0.00000 0.00241 0.00000
1460.36036 0.00000 0.00000 0.00000 0.00000 0.00000 0.00000 0.00000 0.00263 0.00000
1462.46246 0.00000 0.00000 0.00000 0.00000 0.00000 0.00000 0.00000 0.00295 0.00000
1464.56456 0.00000 0.00000 0.00000 0.00000 0.00000 0.00000 0.00000 0.00365 0.00000
1466.66667 0.00000 0.00000 0.00000 0.00000 0.00000 0.00000 0.00000 0.00435 0.00000
1468.76877 0.00000 0.00000 0.00000 0.00000 0.00000 0.00000 0.00000 0.00504 0.00000
1470.87087 0.00000 0.00000 0.00000 0.00000 0.00000 0.00000 0.00000 0.00574 0.00000
1472.97297 0.00000 0.00000 0.00000 0.00000 0.00000 0.00000 0.00000 0.00643 0.00000
1475.07508 0.00000 0.00000 0.00000 0.00000 0.00000 0.00000 0.00000 0.00713 0.00000
1477.17718 0.00000 0.00000 0.00000 0.00000 0.00000 0.00000 0.00000 0.00783 0.00000
1479.27928 0.00000 0.00000 0.00000 0.00000 0.00000 0.00000 0.00000 0.01139 0.00000
1481.38138 0.00000 0.00000 0.00000 0.00000 0.00000 0.00000 0.00000 0.01681 0.00000
1483.48348 0.00000 0.00000 0.00000 0.00000 0.00000 0.00000 0.00000 0.02222 0.00000
1485.58559 0.00000 0.00000 0.00000 0.00000 0.00000 0.00000 0.00000 0.02763 0.00000
1487.68769 0.00000 0.00000 0.00000 0.00000 0.00000 0.00000 0.00000 0.04278 0.00000
1489.78979 0.00000 0.00000 0.00000 0.00000 0.00000 0.00000 0.00000 0.06032 0.00000
1491.89189 0.00000 0.00000 0.00000 0.00000 0.00000 0.00000 0.00000 0.07786 0.00000
1493.99399 0.00000 0.00000 0.00000 0.00000 0.00000 0.00000 0.00000 0.09743 0.00000
1496.09610 0.00000 0.00000 0.00000 0.00000 0.00000 0.00000 0.00000 0.11927 0.00000
1498.19820 0.00000 0.00000 0.00000 0.00000 0.00000 0.00000 0.00000 0.14111 0.00000
1500.30030 0.00000 0.00000 0.00000 0.00000 0.00000 0.00000 0.00000 0.16296 0.00000
1502.40240 0.00000 0.00000 0.00000 0.00000 0.00000 0.00000 0.00000 0.18480 0.00000
1504.50450 0.00000 0.00000 0.00000 0.00000 0.00000 0.00000 0.00000 0.21226 0.00000
1506.60661 0.00000 0.00000 0.00000 0.00000 0.00000 0.00000 0.00000 0.25751 0.00000
1508.70871 0.00000 0.00000 0.00000 0.00000 0.00000 0.00000 0.00000 0.30277 0.00000
1510.81081 0.00000 0.00000 0.00000 0.00000 0.00000 0.00000 0.00000 0.34802 0.00000
1512.91291 0.00000 0.00000 0.00000 0.00000 0.00000 0.00000 0.00000 0.39327 0.00000
1515.01502 0.00000 0.00000 0.00000 0.00000 0.00000 0.00000 0.00000 0.43849 0.00000
1517.11712 0.00000 0.00000 0.00000 0.00000 0.00000 0.00000 0.00000 0.47862 0.00000
1519.21922 0.00000 0.00000 0.00000 0.00000 0.00000 0.00000 0.00000 0.51875 0.00000
1521.32132 0.00000 0.00000 0.00000 0.00000 0.00000 0.00000 0.00000 0.55889 0.00000
1523.42342 0.00000 0.00000 0.00000 0.00000 0.00000 0.00000 0.00000 0.59902 0.00000
1525.52553 0.00000 0.00000 0.00000 0.00000 0.00000 0.00000 0.00000 0.63916 0.00000
1527.62763 0.00000 0.00000 0.00000 0.00000 0.00000 0.00000 0.00000 0.67929 0.00000
1529.72973 0.00000 0.00000 0.00000 0.00000 0.00000 0.00000 0.00000 0.70711 0.00000
1531.83183 0.00000 0.00000 0.00000 0.00000 0.00000 0.00000 0.00000 0.73228 0.00000
1533.93393 0.00000 0.00000 0.00000 0.00000 0.00000 0.00000 0.00000 0.75745 0.00000
1536.03604 0.00000 0.00000 0.00000 0.00000 0.00000 0.00000 0.00000 0.78261 0.00000
1538.13814 0.00000 0.00000 0.00000 0.00000 0.00000 0.00000 0.00000 0.80778 0.00000
1540.24024 0.00000 0.00000 0.00000 0.00000 0.00000 0.00000 0.00000 0.82944 0.00000
1542.34234 0.00000 0.00000 0.00000 0.00000 0.00000 0.00000 0.00000 0.84866 0.00000
1544.44444 0.00000 0.00000 0.00000 0.00000 0.00000 0.00000 0.00000 0.86788 0.00000
1546.54655 0.00000 0.00000 0.00000 0.00000 0.00000 0.00000 0.00000 0.88535 0.00000
1548.64865 0.00000 0.00000 0.00000 0.00000 0.00000 0.00000 0.00000 0.89783 0.00000
1550.75075 0.00000 0.00000 0.00000 0.00000 0.00000 0.00000 0.00000 0.91032 0.00000
1552.85285 0.00000 0.00000 0.00000 0.00000 0.00000 0.00000 0.00000 0.91740 0.00000
1554.95495 0.00000 0.00000 0.00000 0.00000 0.00000 0.00000 0.00000 0.92374 0.00000
1557.05706 0.00000 0.00000 0.00000 0.00000 0.00000 0.00000 0.00000 0.92718 0.00000
1559.15916 0.00000 0.00000 0.00000 0.00000 0.00000 0.00000 0.00000 0.92774 0.00000
1561.26126 0.00000 0.00000 0.00000 0.00000 0.00000 0.00000 0.00000 0.92830 0.00000
1563.36336 0.00000 0.00000 0.00000 0.00000 0.00000 0.00000 0.00000 0.92886 0.00000
1565.46547 0.00000 0.00000 0.00000 0.00000 0.00000 0.00000 0.00000 0.92554 0.00000
1567.56757 0.00000 0.00000 0.00000 0.00000 0.00000 0.00000 0.00000 0.90854 0.00000
1569.66967 0.00000 0.00000 0.00000 0.00000 0.00000 0.00000 0.00000 0.89154 0.00000
1571.77177 0.00000 0.00000 0.00000 0.00000 0.00000 0.00000 0.00000 0.87455 0.00000
1573.87387 0.00000 0.00000 0.00000 0.00000 0.00000 0.00000 0.00000 0.86667 0.00000
1575.97598 0.00000 0.00000 0.00000 0.00000 0.00000 0.00000 0.00000 0.85990 0.00000
1578.07808 0.00000 0.00000 0.00000 0.00000 0.00000 0.00000 0.00000 0.86127 0.00000
1580.18018 0.00000 0.00000 0.00000 0.00000 0.00000 0.00000 0.00000 0.87038 0.00000
1582.28228 0.00000 0.00000 0.00000 0.00000 0.00000 0.00000 0.00000 0.87949 0.00000
1584.38438 0.00000 0.00000 0.00000 0.00000 0.00000 0.00000 0.00000 0.88806 0.00000
1586.48649 0.00000 0.00000 0.00000 0.00000 0.00000 0.00000 0.00000 0.89635 0.00000
1588.58859 0.00000 0.00000 0.00000 0.00000 0.00000 0.00000 0.00000 0.90464 0.00000
1590.69069 0.00000 0.00000 0.00000 0.00000 0.00000 0.00000 0.00000 0.91294 0.00000
1592.79279 0.00000 0.00000 0.00000 0.00000 0.00000 0.00000 0.00000 0.91946 0.00000
1594.89489 0.00000 0.00000 0.00000 0.00000 0.00000 0.00000 0.00000 0.92308 0.00000
1596.99700 0.00000 0.00000 0.00000 0.00000 0.00000 0.00000 0.00000 0.92669 0.00000
1599.09910 0.00000 0.00000 0.00000 0.00000 0.00000 0.00000 0.00000 0.91868 0.00000
1601.20120 0.00000 0.00000 0.00000 0.00000 0.00000 0.00000 0.00000 0.91065 0.00000
1603.30330 0.00000 0.00000 0.00000 0.00000 0.00000 0.00000 0.00000 0.90978 0.00000
1605.40541 0.00000 0.00000 0.00000 0.00000 0.00000 0.00000 0.00000 0.91330 0.00000
1607.50751 0.00000 0.00000 0.00000 0.00000 0.00000 0.00000 0.00000 0.91681 0.00000
1609.60961 0.00000 0.00000 0.00000 0.00000 0.00000 0.00000 0.00000 0.92033 0.00000
1611.71171 0.00000 0.00000 0.00000 0.00000 0.00000 0.00000 0.00000 0.92385 0.00000
1613.81381 0.00000 0.00000 0.00000 0.00000 0.00000 0.00000 0.00000 0.92525 0.00000
1615.91592 0.00000 0.00000 0.00000 0.00000 0.00000 0.00000 0.00000 0.92333 0.00000
1618.01802 0.00000 0.00000 0.00000 0.00000 0.00000 0.00000 0.00000 0.92140 0.00000
1620.12012 0.00000 0.00000 0.00000 0.00000 0.00000 0.00000 0.00000 0.92096 0.00000
1622.22222 0.00000 0.00000 0.00000 0.00000 0.00000 0.00000 0.00000 0.92182 0.00000
1624.32432 0.00000 0.00000 0.00000 0.00000 0.00000 0.00000 0.00000 0.92269 0.00000
1626.42643 0.00000 0.00000 0.00000 0.00000 0.00000 0.00000 0.00000 0.92355 0.00000
1628.52853 0.00000 0.00000 0.00000 0.00000 0.00000 0.00000 0.00000 0.92413 0.00000
1630.63063 0.00000 0.00000 0.00000 0.00000 0.00000 0.00000 0.00000 0.92383 0.00000
1632.73273 0.00000 0.00000 0.00000 0.00000 0.00000 0.00000 0.00000 0.92354 0.00000
1634.83483 0.00000 0.00000 0.00000 0.00000 0.00000 0.00000 0.00000 0.92723 0.00000
1636.93694 0.00000 0.00000 0.00000 0.00000 0.00000 0.00000 0.00000 0.93151 0.00000
1639.03904 0.00000 0.00000 0.00000 0.00000 0.00000 0.00000 0.00000 0.93578 0.00000
1641.14114 0.00000 0.00000 0.00000 0.00000 0.00000 0.00000 0.00000 0.94005 0.00000
1643.24324 0.00000 0.00000 0.00000 0.00000 0.00000 0.00000 0.00000 0.94331 0.00000
1645.34535 0.00000 0.00000 0.00000 0.00000 0.00000 0.00000 0.00000 0.94587 0.00000
1647.44745 0.00000 0.00000 0.00000 0.00000 0.00000 0.00000 0.00000 0.94843 0.00000
1649.54955 0.00000 0.00000 0.00000 0.00000 0.00000 0.00000 0.00000 0.95454 0.00000
1651.65165 0.00000 0.00000 0.00000 0.00000 0.00000 0.00000 0.00000 0.96192 0.00000
1653.75375 0.00000 0.00000 0.00000 0.00000 0.00000 0.00000 0.00000 0.96930 0.00000
1655.85586 0.00000 0.00000 0.00000 0.00000 0.00000 0.00000 0.00000 0.97668 0.00000
1657.95796 0.00000 0.00000 0.00000 0.00000 0.00000 0.00000 0.00000 0.98693 0.00000
1660.06006 0.00000 0.00000 0.00000 0.00000 0.00000 0.00000 0.00000 0.99426 0.00000
1662.16216 0.00000 0.00000 0.00000 0.00000 0.00000 0.00000 0.00000 0.99536 0.00000
1664.26426 0.00000 0.00000 0.00000 0.00000 0.00000 0.00000 0.00000 0.99646 0.00000
1666.36637 0.00000 0.00000 0.00000 0.00000 0.00000 0.00000 0.00000 0.99757 0.00000
1668.46847 0.00000 0.00000 0.00000 0.00000 0.00000 0.00000 0.00000 0.99867 0.00000
1670.57057 0.00000 0.00000 0.00000 0.00000 0.00000 0.00000 0.00000 0.99977 0.00000
1672.67267 0.00000 0.00000 0.00000 0.00000 0.00000 0.00000 0.00000 0.99435 0.00000
1674.77477 0.00000 0.00000 0.00000 0.00000 0.00000 0.00000 0.00000 0.98725 0.00000
1676.87688 0.00000 0.00000 0.00000 0.00000 0.00000 0.00000 0.00000 0.98015 0.00000
1678.97898 0.00000 0.00000 0.00000 0.00000 0.00000 0.00000 0.00000 0.97306 0.00000
1681.08108 0.00000 0.00000 0.00000 0.00000 0.00000 0.00000 0.00000 0.96596 0.00000
1683.18318 0.00000 0.00000 0.00000 0.00000 0.00000 0.00000 0.00000 0.95886 0.00000
1685.28529 0.00000 0.00000 0.00000 0.00000 0.00000 0.00000 0.00000 0.95368 0.00000
1687.38739 0.00000 0.00000 0.00000 0.00000 0.00000 0.00000 0.00000 0.94972 0.00000
1689.48949 0.00000 0.00000 0.00000 0.00000 0.00000 0.00000 0.00000 0.94577 0.00000
1691.59159 0.00000 0.00000 0.00000 0.00000 0.00000 0.00000 0.00000 0.94181 0.00000
1693.69369 0.00000 0.00000 0.00000 0.00000 0.00000 0.00000 0.00000 0.93785 0.00000
1695.79580 0.00000 0.00000 0.00000 0.00000 0.00000 0.00000 0.00000 0.93390 0.00000
1697.89790 0.00000 0.00000 0.00000 0.00000 0.00000 0.00000 0.00000 0.92994 0.00000
1700.00000 0.00000 0.00000 0.00000 0.00000 0.00000 0.00000 0.00000 0.92598 0.00000
1702.10210 0.00000 0.00000 0.00000 0.00000 0.00000 0.00000 0.00000 0.92867 0.00000
1704.20420 0.00000 0.00000 0.00000 0.00000 0.00000 0.00000 0.00000 0.93737 0.00000
1706.30631 0.00000 0.00000 0.00000 0.00000 0.00000 0.00000 0.00000 0.94608 0.00000
1708.40841 0.00000 0.00000 0.00000 0.00000 0.00000 0.00000 0.00000 0.95479 0.00000
1710.51051 0.00000 0.00000 0.00000 0.00000 0.00000 0.00000 0.00000 0.96350 0.00000
1712.61261 0.00000 0.00000 0.00000 0.00000 0.00000 0.00000 0.00000 0.97221 0.00000
1714.71471 0.00000 0.00000 0.00000 0.00000 0.00000 0.00000 0.00000 0.98092 0.00000
1716.81682 0.00000 0.00000 0.00000 0.00000 0.00000 0.00000 0.00000 0.98354 0.00000
1718.91892 0.00000 0.00000 0.00000 0.00000 0.00000 0.00000 0.00000 0.98520 0.00000
1721.02102 0.00000 0.00000 0.00000 0.00000 0.00000 0.00000 0.00000 0.98687 0.00000
1723.12312 0.00000 0.00000 0.00000 0.00000 0.00000 0.00000 0.00000 0.98853 0.00000
1725.22523 0.00000 0.00000 0.00000 0.00000 0.00000 0.00000 0.00000 0.99019 0.00000
1727.32733 0.00000 0.00000 0.00000 0.00000 0.00000 0.00000 0.00000 0.99152 0.00000
1729.42943 0.00000 0.00000 0.00000 0.00000 0.00000 0.00000 0.00000 0.99101 0.00000
1731.53153 0.00000 0.00000 0.00000 0.00000 0.00000 0.00000 0.00000 0.99050 0.00000
1733.63363 0.00000 0.00000 0.00000 0.00000 0.00000 0.00000 0.00000 0.99000 0.00000
1735.73574 0.00000 0.00000 0.00000 0.00000 0.00000 0.00000 0.00000 0.98949 0.00000
1737.83784 0.00000 0.00000 0.00000 0.00000 0.00000 0.00000 0.00000 0.98898 0.00000
1739.93994 0.00000 0.00000 0.00000 0.00000 0.00000 0.00000 0.00000 0.98742 0.00000
1742.04204 0.00000 0.00000 0.00000 0.00000 0.00000 0.00000 0.00000 0.98457 0.00000
1744.14414 0.00000 0.00000 0.00000 0.00000 0.00000 0.00000 0.00000 0.98172 0.00000
1746.24625 0.00000 0.00000 0.00000 0.00000 0.00000 0.00000 0.00000 0.97866 0.00000
1748.34835 0.00000 0.00000 0.00000 0.00000 0.00000 0.00000 0.00000 0.97403 0.00000
1750.45045 0.00000 0.00000 0.00000 0.00000 0.00000 0.00000 0.00000 0.96941 0.00000
1752.55255 0.00000 0.00000 0.00000 0.00000 0.00000 0.00000 0.00000 0.94398 0.00000
1754.65465 0.00000 0.00000 0.00000 0.00000 0.00000 0.00000 0.00000 0.92707 0.00000
1756.75676 0.00000 0.00000 0.00000 0.00000 0.00000 0.00000 0.00000 0.91174 0.00000
1758.85886 0.00000 0.00000 0.00000 0.00000 0.00000 0.00000 0.00000 0.89159 0.00000
1760.96096 0.00000 0.00000 0.00000 0.00000 0.00000 0.00000 0.00000 0.87144 0.00000
1763.06306 0.00000 0.00000 0.00000 0.00000 0.00000 0.00000 0.00000 0.85128 0.00000
1765.16517 0.00000 0.00000 0.00000 0.00000 0.00000 0.00000 0.00000 0.82374 0.00000
1767.26727 0.00000 0.00000 0.00000 0.00000 0.00000 0.00000 0.00000 0.79026 0.00000
1769.36937 0.00000 0.00000 0.00000 0.00000 0.00000 0.00000 0.00000 0.75678 0.00000
1771.47147 0.00000 0.00000 0.00000 0.00000 0.00000 0.00000 0.00000 0.72330 0.00000
1773.57357 0.00000 0.00000 0.00000 0.00000 0.00000 0.00000 0.00000 0.68982 0.00000
1775.67568 0.00000 0.00000 0.00000 0.00000 0.00000 0.00000 0.00000 0.64023 0.00000
1777.77778 0.00000 0.00000 0.00000 0.00000 0.00000 0.00000 0.00000 0.55663 0.00000
1779.87988 0.00000 0.00000 0.00000 0.00000 0.00000 0.00000 0.00000 0.47303 0.00000
1781.98198 0.00000 0.00000 0.00000 0.00000 0.00000 0.00000 0.00000 0.38943 0.00000
1784.08408 0.00000 0.00000 0.00000 0.00000 0.00000 0.00000 0.00000 0.30583 0.00000
1786.18619 0.00000 0.00000 0.00000 0.00000 0.00000 0.00000 0.00000 0.31262 0.00000
1788.28829 0.00000 0.00000 0.00000 0.00000 0.00000 0.00000 0.00000 0.38923 0.00000
1790.39039 0.00000 0.00000 0.00000 0.00000 0.00000 0.00000 0.00000 0.43348 0.00000
1792.49249 0.00000 0.00000 0.00000 0.00000 0.00000 0.00000 0.00000 0.33591 0.00000
1794.59459 0.00000 0.00000 0.00000 0.00000 0.00000 0.00000 0.00000 0.23833 0.00000
1796.69670 0.00000 0.00000 0.00000 0.00000 0.00000 0.00000 0.00000 0.16659 0.00000
1798.79880 0.00000 0.00000 0.00000 0.00000 0.00000 0.00000 0.00000 0.14695 0.00000
1800.90090 0.00000 0.00000 0.00000 0.00000 0.00000 0.00000 0.00000 0.12731 0.00000
1803.00300 0.00000 0.00000 0.00000 0.00000 0.00000 0.00000 0.00000 0.10768 0.00000
1805.10511 0.00000 0.00000 0.00000 0.00000 0.00000 0.00000 0.00000 0.09657 0.00000
1807.20721 0.00000 0.00000 0.00000 0.00000 0.00000 0.00000 0.00000 0.08546 0.00000
1809.30931 0.00000 0.00000 0.00000 0.00000 0.00000 0.00000 0.00000 0.07435 0.00000
1811.41141 0.00000 0.00000 0.00000 0.00000 0.00000 0.00000 0.00000 0.03984 0.00000
1813.51351 0.00000 0.00000 0.00000 0.00000 0.00000 0.00000 0.00000 0.00663 0.00000
1815.61562 0.00000 0.00000 0.00000 0.00000 0.00000 0.00000 0.00000 0.01289 0.00000
1817.71772 0.00000 0.00000 0.00000 0.00000 0.00000 0.00000 0.00000 0.01916 0.00000
1819.81982 0.00000 0.00000 0.00000 0.00000 0.00000 0.00000 0.00000 0.01643 0.00000
1821.92192 0.00000 0.00000 0.00000 0.00000 0.00000 0.00000 0.00000 0.01231 0.00000
1824.02402 0.00000 0.00000 0.00000 0.00000 0.00000 0.00000 0.00000 0.00819 0.00000
1826.12613 0.00000 0.00000 0.00000 0.00000 0.00000 0.00000 0.00000 0.00407 0.00000
1828.22823 0.00000 0.00000 0.00000 0.00000 0.00000 0.00000 0.00000 0.00039 0.00000
1830.33033 0.00000 0.00000 0.00000 0.00000 0.00000 0.00000 0.00000 0.00027 0.00000
1832.43243 0.00000 0.00000 0.00000 0.00000 0.00000 0.00000 0.00000 0.00015 0.00000
1834.53453 0.00000 0.00000 0.00000 0.00000 0.00000 0.00000 0.00000 0.00003 0.00000
1836.63664 0.00000 0.00000 0.00000 0.00000 0.00000 0.00000 0.00000 0.00001 0.00000
1838.73874 0.00000 0.00000 0.00000 0.00000 0.00000 0.00000 0.00000 0.00002 0.00000
1840.84084 0.00000 0.00000 0.00000 0.00000 0.00000 0.00000 0.00000 0.00004 0.00000
1842.94294 0.00000 0.00000 0.00000 0.00000 0.00000 0.00000 0.00000 0.00005 0.00000
1845.04505 0.00000 0.00000 0.00000 0.00000 0.00000 0.00000 0.00000 0.00007 0.00000
1847.14715 0.00000 0.00000 0.00000 0.00000 0.00000 0.00000 0.00000 0.00008 0.00000
1849.24925 0.00000 0.00000 0.00000 0.00000 0.00000 0.00000 0.00000 0.00009 0.00000
1851.35135 0.00000 0.00000 0.00000 0.00000 0.00000 0.00000 0.00000 0.00009 0.00000
1853.45345 0.00000 0.00000 0.00000 0.00000 0.00000 0.00000 0.00000 0.00008 0.00000
1855.55556 0.00000 0.00000 0.00000 0.00000 0.00000 0.00000 0.00000 0.00007 0.00000
1857.65766 0.00000 0.00000 0.00000 0.00000 0.00000 0.00000 0.00000 0.00006 0.00000
1859.75976 0.00000 0.00000 0.00000 0.00000 0.00000 0.00000 0.00000 0.00005 0.00000
1861.86186 0.00000 0.00000 0.00000 0.00000 0.00000 0.00000 0.00000 0.00004 0.00000
1863.96396 0.00000 0.00000 0.00000 0.00000 0.00000 0.00000 0.00000 0.00003 0.00000
1866.06607 0.00000 0.00000 0.00000 0.00000 0.00000 0.00000 0.00000 0.00002 0.00000
1868.16817 0.00000 0.00000 0.00000 0.00000 0.00000 0.00000 0.00000 0.00001 0.00000
1870.27027 0.00000 0.00000 0.00000 0.00000 0.00000 0.00000 0.00000 0.00000 0.00000
1872.37237 0.00000 0.00000 0.00000 0.00000 0.00000 0.00000 0.00000 0.00000 0.00000
1874.47447 0.00000 0.00000 0.00000 0.00000 0.00000 0.00000 0.00000 0.00000 0.00000
1876.57658 0.00000 0.00000 0.00000 0.00000 0.00000 0.00000 0.00000 0.00000 0.00000
1878.67868 0.00000 0.00000 0.00000 0.00000 0.00000 0.00000 0.00000 0.00000 0.00000
1880.78078 0.00000 0.00000 0.00000 0.00000 0.00000 0.00000 0.00000 0.00000 0.00000
1882.88288 0.00000 0.00000 0.00000 0.00000 0.00000 0.00000 0.00000 0.00000 0.00000
1884.98498 0.00000 0.00000 0.00000 0.00000 0.00000 0.00000 0.00000 0.00000 0.00000
1887.08709 0.00000 0.00000 0.00000 0.00000 0.00000 0.00000 0.00000 0.00000 0.00000
1889.18919 0.00000 0.00000 0.00000 0.00000 0.00000 0.00000 0.00000 0.00000 0.00000
1891.29129 0.00000 0.00000 0.00000 0.00000 0.00000 0.00000 0.00000 0.00000 0.00000
1893.39339 0.00000 0.00000 0.00000 0.00000 0.00000 0.00000 0.00000 0.00000 0.00000
1895.49550 0.00000 0.00000 0.00000 0.00000 0.00000 0.00000 0.00000 0.00000 0.00000
1897.59760 0.00000 0.00000 0.00000 0.00000 0.00000 0.00000 0.00000 0.00000 0.00000
1899.69970 0.00000 0.00000 0.00000 0.00000 0.00000 0.00000 0.00000 0.00000 0.00000
1901.80180 0.00000 0.00000 0.00000 0.00000 0.00000 0.00000 0.00000 0.00000 0.00000
1903.90390 0.00000 0.00000 0.00000 0.00000 0.00000 0.00000 0.00000 0.00000 0.00000
1906.00601 0.00000 0.00000 0.00000 0.00000 0.00000 0.00000 0.00000 0.00000 0.00000
1908.10811 0.00000 0.00000 0.00000 0.00000 0.00000 0.00000 0.00000 0.00000 0.00000
1910.21021 0.00000 0.00000 0.00000 0.00000 0.00000 0.00000 0.00000 0.00000 0.00000
1912.31231 0.00000 0.00000 0.00000 0.00000 0.00000 0.00000 0.00000 0.00000 0.00000
1914.41441 0.00000 0.00000 0.00000 0.00000 0.00000 0.00000 0.00000 0.00000 0.00000
1916.51652 0.00000 0.00000 0.00000 0.00000 0.00000 0.00000 0.00000 0.00000 0.00000
1918.61862 0.00000 0.00000 0.00000 0.00000 0.00000 0.00000 0.00000 0.00000 0.00000
1920.72072 0.00000 0.00000 0.00000 0.00000 0.00000 0.00000 0.00000 0.00000 0.00000
1922.82282 0.00000 0.00000 0.00000 0.00000 0.00000 0.00000 0.00000 0.00000 0.00000
1924.92492 0.00000 0.00000 0.00000 0.00000 0.00000 0.00000 0.00000 0.00000 0.00000
1927.02703 0.00000 0.00000 0.00000 0.00000 0.00000 0.00000 0.00000 0.00000 0.00000
1929.12913 0.00000 0.00000 0.00000 0.00000 0.00000 0.00000 0.00000 0.00000 0.00006
1931.23123 0.00000 0.00000 0.00000 0.00000 0.00000 0.00000 0.00000 0.00000 0.00012
1933.33333 0.00000 0.00000 0.00000 0.00000 0.00000 0.00000 0.00000 0.00000 0.00018
1935.43544 0.00000 0.00000 0.00000 0.00000 0.00000 0.00000 0.00000 0.00000 0.00029
1937.53754 0.00000 0.00000 0.00000 0.00000 0.00000 0.00000 0.00000 0.00000 0.00041
1939.63964 0.00000 0.00000 0.00000 0.00000 0.00000 0.00000 0.00000 0.00000 0.00085
1941.74174 0.00000 0.00000 0.00000 0.00000 0.00000 0.00000 0.00000 0.00000 0.00199
1943.84384 0.00000 0.00000 0.00000 0.00000 0.00000 0.00000 0.00000 0.00000 0.00314
1945.94595 0.00000 0.00000 0.00000 0.00000 0.00000 0.00000 0.00000 0.00000 0.00428
1948.04805 0.00000 0.00000 0.00000 0.00000 0.00000 0.00000 0.00000 0.00000 0.00543
1950.15015 0.00000 0.00000 0.00000 0.00000 0.00000 0.00000 0.00000 0.00000 0.00695
1952.25225 0.00000 0.00000 0.00000 0.00000 0.00000 0.00000 0.00000 0.00000 0.00847
1954.35435 0.00000 0.00000 0.00000 0.00000 0.00000 0.00000 0.00000 0.00000 0.00999
1956.45646 0.00000 0.00000 0.00000 0.00000 0.00000 0.00000 0.00000 0.00000 0.01151
1958.55856 0.00000 0.00000 0.00000 0.00000 0.00000 0.00000 0.00000 0.00000 0.01433
1960.66066 0.00000 0.00000 0.00000 0.00000 0.00000 0.00000 0.00000 0.00000 0.01761
1962.76276 0.00000 0.00000 0.00000 0.00000 0.00000 0.00000 0.00000 0.00000 0.02215
1964.86486 0.00000 0.00000 0.00000 0.00000 0.00000 0.00000 0.00000 0.00000 0.02891
1966.96697 0.00000 0.00000 0.00000 0.00000 0.00000 0.00000 0.00000 0.00000 0.03567
1969.06907 0.00000 0.00000 0.00000 0.00000 0.00000 0.00000 0.00000 0.00000 0.04265
1971.17117 0.00000 0.00000 0.00000 0.00000 0.00000 0.00000 0.00000 0.00000 0.05619
1973.27327 0.00000 0.00000 0.00000 0.00000 0.00000 0.00000 0.00000 0.00000 0.06973
1975.37538 0.00000 0.00000 0.00000 0.00000 0.00000 0.00000 0.00000 0.00000 0.08328
1977.47748 0.00000 0.00000 0.00000 0.00000 0.00000 0.00000 0.00000 0.00000 0.10665
1979.57958 0.00000 0.00000 0.00000 0.00000 0.00000 0.00000 0.00000 0.00000 0.13419
1981.68168 0.00000 0.00000 0.00000 0.00000 0.00000 0.00000 0.00000 0.00000 0.16093
1983.78378 0.00000 0.00000 0.00000 0.00000 0.00000 0.00000 0.00000 0.00000 0.18600
1985.88589 0.00000 0.00000 0.00000 0.00000 0.00000 0.00000 0.00000 0.00000 0.21106
1987.98799 0.00000 0.00000 0.00000 0.00000 0.00000 0.00000 0.00000 0.00000 0.23613
1990.09009 0.00000 0.00000 0.00000 0.00000 0.00000 0.00000 0.00000 0.00000 0.19069
1992.19219 0.00000 0.00000 0.00000 0.00000 0.00000 0.00000 0.00000 0.00000 0.20217
1994.29429 0.00000 0.00000 0.00000 0.00000 0.00000 0.00000 0.00000 0.00000 0.21366
1996.39640 0.00000 0.00000 0.00000 0.00000 0.00000 0.00000 0.00000 0.00000 0.22514
1998.49850 0.00000 0.00000 0.00000 0.00000 0.00000 0.00000 0.00000 0.00000 0.23693
2000.60060 0.00000 0.00000 0.00000 0.00000 0.00000 0.00000 0.00000 0.00000 0.24969
2002.70270 0.00000 0.00000 0.00000 0.00000 0.00000 0.00000 0.00000 0.00000 0.26245
2004.80480 0.00000 0.00000 0.00000 0.00000 0.00000 0.00000 0.00000 0.00000 0.27521
2006.90691 0.00000 0.00000 0.00000 0.00000 0.00000 0.00000 0.00000 0.00000 0.28796
2009.00901 0.00000 0.00000 0.00000 0.00000 0.00000 0.00000 0.00000 0.00000 0.31202
2011.11111 0.00000 0.00000 0.00000 0.00000 0.00000 0.00000 0.00000 0.00000 0.34832
2013.21321 0.00000 0.00000 0.00000 0.00000 0.00000 0.00000 0.00000 0.00000 0.38461
2015.31532 0.00000 0.00000 0.00000 0.00000 0.00000 0.00000 0.00000 0.00000 0.38200
2017.41742 0.00000 0.00000 0.00000 0.00000 0.00000 0.00000 0.00000 0.00000 0.35610
2019.51952 0.00000 0.00000 0.00000 0.00000 0.00000 0.00000 0.00000 0.00000 0.35300
2021.62162 0.00000 0.00000 0.00000 0.00000 0.00000 0.00000 0.00000 0.00000 0.41936
2023.72372 0.00000 0.00000 0.00000 0.00000 0.00000 0.00000 0.00000 0.00000 0.48571
2025.82583 0.00000 0.00000 0.00000 0.00000 0.00000 0.00000 0.00000 0.00000 0.55207
2027.92793 0.00000 0.00000 0.00000 0.00000 0.00000 0.00000 0.00000 0.00000 0.61842
2030.03003 0.00000 0.00000 0.00000 0.00000 0.00000 0.00000 0.00000 0.00000 0.65325
2032.13213 0.00000 0.00000 0.00000 0.00000 0.00000 0.00000 0.00000 0.00000 0.68695
2034.23423 0.00000 0.00000 0.00000 0.00000 0.00000 0.00000 0.00000 0.00000 0.72066
2036.33634 0.00000 0.00000 0.00000 0.00000 0.00000 0.00000 0.00000 0.00000 0.75436
2038.43844 0.00000 0.00000 0.00000 0.00000 0.00000 0.00000 0.00000 0.00000 0.76166
2040.54054 0.00000 0.00000 0.00000 0.00000 0.00000 0.00000 0.00000 0.00000 0.75677
2042.64264 0.00000 0.00000 0.00000 0.00000 0.00000 0.00000 0.00000 0.00000 0.75188
2044.74474 0.00000 0.00000 0.00000 0.00000 0.00000 0.00000 0.00000 0.00000 0.74699
2046.84685 0.00000 0.00000 0.00000 0.00000 0.00000 0.00000 0.00000 0.00000 0.73240
2048.94895 0.00000 0.00000 0.00000 0.00000 0.00000 0.00000 0.00000 0.00000 0.71646
2051.05105 0.00000 0.00000 0.00000 0.00000 0.00000 0.00000 0.00000 0.00000 0.70053
2053.15315 0.00000 0.00000 0.00000 0.00000 0.00000 0.00000 0.00000 0.00000 0.68459
2055.25526 0.00000 0.00000 0.00000 0.00000 0.00000 0.00000 0.00000 0.00000 0.66865
2057.35736 0.00000 0.00000 0.00000 0.00000 0.00000 0.00000 0.00000 0.00000 0.65272
2059.45946 0.00000 0.00000 0.00000 0.00000 0.00000 0.00000 0.00000 0.00000 0.63678
2061.56156 0.00000 0.00000 0.00000 0.00000 0.00000 0.00000 0.00000 0.00000 0.63023
2063.66366 0.00000 0.00000 0.00000 0.00000 0.00000 0.00000 0.00000 0.00000 0.64941
2065.76577 0.00000 0.00000 0.00000 0.00000 0.00000 0.00000 0.00000 0.00000 0.66860
2067.86787 0.00000 0.00000 0.00000 0.00000 0.00000 0.00000 0.00000 0.00000 0.68778
2069.96997 0.00000 0.00000 0.00000 0.00000 0.00000 0.00000 0.00000 0.00000 0.70697
2072.07207 0.00000 0.00000 0.00000 0.00000 0.00000 0.00000 0.00000 0.00000 0.72464
2074.17417 0.00000 0.00000 0.00000 0.00000 0.00000 0.00000 0.00000 0.00000 0.69941
2076.27628 0.00000 0.00000 0.00000 0.00000 0.00000 0.00000 0.00000 0.00000 0.70744
2078.37838 0.00000 0.00000 0.00000 0.00000 0.00000 0.00000 0.00000 0.00000 0.73699
2080.48048 0.00000 0.00000 0.00000 0.00000 0.00000 0.00000 0.00000 0.00000 0.76654
2082.58258 0.00000 0.00000 0.00000 0.00000 0.00000 0.00000 0.00000 0.00000 0.79041
2084.68468 0.00000 0.00000 0.00000 0.00000 0.00000 0.00000 0.00000 0.00000 0.79948
2086.78679 0.00000 0.00000 0.00000 0.00000 0.00000 0.00000 0.00000 0.00000 0.80855
2088.88889 0.00000 0.00000 0.00000 0.00000 0.00000 0.00000 0.00000 0.00000 0.81762
2090.99099 0.00000 0.00000 0.00000 0.00000 0.00000 0.00000 0.00000 0.00000 0.81904
2093.09309 0.00000 0.00000 0.00000 0.00000 0.00000 0.00000 0.00000 0.00000 0.82002
2095.19520 0.00000 0.00000 0.00000 0.00000 0.00000 0.00000 0.00000 0.00000 0.82101
2097.29730 0.00000 0.00000 0.00000 0.00000 0.00000 0.00000 0.00000 0.00000 0.82200
2099.39940 0.00000 0.00000 0.00000 0.00000 0.00000 0.00000 0.00000 0.00000 0.82511
2101.50150 0.00000 0.00000 0.00000 0.00000 0.00000 0.00000 0.00000 0.00000 0.83727
2103.60360 0.00000 0.00000 0.00000 0.00000 0.00000 0.00000 0.00000 0.00000 0.84944
2105.70571 0.00000 0.00000 0.00000 0.00000 0.00000 0.00000 0.00000 0.00000 0.86160
2107.80781 0.00000 0.00000 0.00000 0.00000 0.00000 0.00000 0.00000 0.00000 0.86704
2109.90991 0.00000 0.00000 0.00000 0.00000 0.00000 0.00000 0.00000 0.00000 0.87140
2112.01201 0.00000 0.00000 0.00000 0.00000 0.00000 0.00000 0.00000 0.00000 0.87575
2114.11411 0.00000 0.00000 0.00000 0.00000 0.00000 0.00000 0.00000 0.00000 0.87416
2116.21622 0.00000 0.00000 0.00000 0.00000 0.00000 0.00000 0.00000 0.00000 0.86728
2118.31832 0.00000 0.00000 0.00000 0.00000 0.00000 0.00000 0.00000 0.00000 0.86040
2120.42042 0.00000 0.00000 0.00000 0.00000 0.00000 0.00000 0.00000 0.00000 0.85915
2122.52252 0.00000 0.00000 0.00000 0.00000 0.00000 0.00000 0.00000 0.00000 0.88038
2124.62462 0.00000 0.00000 0.00000 0.00000 0.00000 0.00000 0.00000 0.00000 0.89635
2126.72673 0.00000 0.00000 0.00000 0.00000 0.00000 0.00000 0.00000 0.00000 0.89990
2128.82883 0.00000 0.00000 0.00000 0.00000 0.00000 0.00000 0.00000 0.00000 0.90344
2130.93093 0.00000 0.00000 0.00000 0.00000 0.00000 0.00000 0.00000 0.00000 0.90698
2133.03303 0.00000 0.00000 0.00000 0.00000 0.00000 0.00000 0.00000 0.00000 0.91053
2135.13514 0.00000 0.00000 0.00000 0.00000 0.00000 0.00000 0.00000 0.00000 0.91407
2137.23724 0.00000 0.00000 0.00000 0.00000 0.00000 0.00000 0.00000 0.00000 0.91761
2139.33934 0.00000 0.00000 0.00000 0.00000 0.00000 0.00000 0.00000 0.00000 0.92041
2141.44144 0.00000 0.00000 0.00000 0.00000 0.00000 0.00000 0.00000 0.00000 0.92278
2143.54354 0.00000 0.00000 0.00000 0.00000 0.00000 0.00000 0.00000 0.00000 0.92516
2145.64565 0.00000 0.00000 0.00000 0.00000 0.00000 0.00000 0.00000 0.00000 0.92679
2147.74775 0.00000 0.00000 0.00000 0.00000 0.00000 0.00000 0.00000 0.00000 0.92677
2149.84985 0.00000 0.00000 0.00000 0.00000 0.00000 0.00000 0.00000 0.00000 0.92675
2151.95195 0.00000 0.00000 0.00000 0.00000 0.00000 0.00000 0.00000 0.00000 0.92673
2154.05405 0.00000 0.00000 0.00000 0.00000 0.00000 0.00000 0.00000 0.00000 0.92671
2156.15616 0.00000 0.00000 0.00000 0.00000 0.00000 0.00000 0.00000 0.00000 0.92457
2158.25826 0.00000 0.00000 0.00000 0.00000 0.00000 0.00000 0.00000 0.00000 0.92070
2160.36036 0.00000 0.00000 0.00000 0.00000 0.00000 0.00000 0.00000 0.00000 0.91682
2162.46246 0.00000 0.00000 0.00000 0.00000 0.00000 0.00000 0.00000 0.00000 0.91295
2164.56456 0.00000 0.00000 0.00000 0.00000 0.00000 0.00000 0.00000 0.00000 0.90907
2166.66667 0.00000 0.00000 0.00000 0.00000 0.00000 0.00000 0.00000 0.00000 0.90520
2168.76877 0.00000 0.00000 0.00000 0.00000 0.00000 0.00000 0.00000 0.00000 0.90133
2170.87087 0.00000 0.00000 0.00000 0.00000 0.00000 0.00000 0.00000 0.00000 0.90675
2172.97297 0.00000 0.00000 0.00000 0.00000 0.00000 0.00000 0.00000 0.00000 0.91333
2175.07508 0.00000 0.00000 0.00000 0.00000 0.00000 0.00000 0.00000 0.00000 0.91991
2177.17718 0.00000 0.00000 0.00000 0.00000 0.00000 0.00000 0.00000 0.00000 0.91234
2179.27928 0.00000 0.00000 0.00000 0.00000 0.00000 0.00000 0.00000 0.00000 0.89365
2181.38138 0.00000 0.00000 0.00000 0.00000 0.00000 0.00000 0.00000 0.00000 0.87497
2183.48348 0.00000 0.00000 0.00000 0.00000 0.00000 0.00000 0.00000 0.00000 0.85628
2185.58559 0.00000 0.00000 0.00000 0.00000 0.00000 0.00000 0.00000 0.00000 0.84783
2187.68769 0.00000 0.00000 0.00000 0.00000 0.00000 0.00000 0.00000 0.00000 0.86589
2189.78979 0.00000 0.00000 0.00000 0.00000 0.00000 0.00000 0.00000 0.00000 0.88395
2191.89189 0.00000 0.00000 0.00000 0.00000 0.00000 0.00000 0.00000 0.00000 0.90201
2193.99399 0.00000 0.00000 0.00000 0.00000 0.00000 0.00000 0.00000 0.00000 0.92007
2196.09610 0.00000 0.00000 0.00000 0.00000 0.00000 0.00000 0.00000 0.00000 0.93813
2198.19820 0.00000 0.00000 0.00000 0.00000 0.00000 0.00000 0.00000 0.00000 0.94966
2200.30030 0.00000 0.00000 0.00000 0.00000 0.00000 0.00000 0.00000 0.00000 0.95625
2202.40240 0.00000 0.00000 0.00000 0.00000 0.00000 0.00000 0.00000 0.00000 0.96284
2204.50450 0.00000 0.00000 0.00000 0.00000 0.00000 0.00000 0.00000 0.00000 0.96944
2206.60661 0.00000 0.00000 0.00000 0.00000 0.00000 0.00000 0.00000 0.00000 0.97603
2208.70871 0.00000 0.00000 0.00000 0.00000 0.00000 0.00000 0.00000 0.00000 0.98146
2210.81081 0.00000 0.00000 0.00000 0.00000 0.00000 0.00000 0.00000 0.00000 0.98462
2212.91291 0.00000 0.00000 0.00000 0.00000 0.00000 0.00000 0.00000 0.00000 0.98777
2215.01502 0.00000 0.00000 0.00000 0.00000 0.00000 0.00000 0.00000 0.00000 0.98665
2217.11712 0.00000 0.00000 0.00000 0.00000 0.00000 0.00000 0.00000 0.00000 0.98535
2219.21922 0.00000 0.00000 0.00000 0.00000 0.00000 0.00000 0.00000 0.00000 0.98305
2221.32132 0.00000 0.00000 0.00000 0.00000 0.00000 0.00000 0.00000 0.00000 0.98003
2223.42342 0.00000 0.00000 0.00000 0.00000 0.00000 0.00000 0.00000 0.00000 0.97701
2225.52553 0.00000 0.00000 0.00000 0.00000 0.00000 0.00000 0.00000 0.00000 0.97400
2227.62763 0.00000 0.00000 0.00000 0.00000 0.00000 0.00000 0.00000 0.00000 0.97098
2229.72973 0.00000 0.00000 0.00000 0.00000 0.00000 0.00000 0.00000 0.00000 0.96796
2231.83183 0.00000 0.00000 0.00000 0.00000 0.00000 0.00000 0.00000 0.00000 0.96494
2233.93393 0.00000 0.00000 0.00000 0.00000 0.00000 0.00000 0.00000 0.00000 0.97124
2236.03604 0.00000 0.00000 0.00000 0.00000 0.00000 0.00000 0.00000 0.00000 0.97834
2238.13814 0.00000 0.00000 0.00000 0.00000 0.00000 0.00000 0.00000 0.00000 0.98179
2240.24024 0.00000 0.00000 0.00000 0.00000 0.00000 0.00000 0.00000 0.00000 0.98213
2242.34234 0.00000 0.00000 0.00000 0.00000 0.00000 0.00000 0.00000 0.00000 0.98247
2244.44444 0.00000 0.00000 0.00000 0.00000 0.00000 0.00000 0.00000 0.00000 0.98282
2246.54655 0.00000 0.00000 0.00000 0.00000 0.00000 0.00000 0.00000 0.00000 0.98316
2248.64865 0.00000 0.00000 0.00000 0.00000 0.00000 0.00000 0.00000 0.00000 0.98161
2250.75075 0.00000 0.00000 0.00000 0.00000 0.00000 0.00000 0.00000 0.00000 0.97580
2252.85285 0.00000 0.00000 0.00000 0.00000 0.00000 0.00000 0.00000 0.00000 0.96999
2254.95495 0.00000 0.00000 0.00000 0.00000 0.00000 0.00000 0.00000 0.00000 0.96419
2257.05706 0.00000 0.00000 0.00000 0.00000 0.00000 0.00000 0.00000 0.00000 0.96603
2259.15916 0.00000 0.00000 0.00000 0.00000 0.00000 0.00000 0.00000 0.00000 0.97544
2261.26126 0.00000 0.00000 0.00000 0.00000 0.00000 0.00000 0.00000 0.00000 0.98794
2263.36336 0.00000 0.00000 0.00000 0.00000 0.00000 0.00000 0.00000 0.00000 0.99331
2265.46547 0.00000 0.00000 0.00000 0.00000 0.00000 0.00000 0.00000 0.00000 0.96488
2267.56757 0.00000 0.00000 0.00000 0.00000 0.00000 0.00000 0.00000 0.00000 0.97244
2269.66967 0.00000 0.00000 0.00000 0.00000 0.00000 0.00000 0.00000 0.00000 0.98001
2271.77177 0.00000 0.00000 0.00000 0.00000 0.00000 0.00000 0.00000 0.00000 0.96959
2273.87387 0.00000 0.00000 0.00000 0.00000 0.00000 0.00000 0.00000 0.00000 0.94130
2275.97598 0.00000 0.00000 0.00000 0.00000 0.00000 0.00000 0.00000 0.00000 0.91124
2278.07808 0.00000 0.00000 0.00000 0.00000 0.00000 0.00000 0.00000 0.00000 0.95717
2280.18018 0.00000 0.00000 0.00000 0.00000 0.00000 0.00000 0.00000 0.00000 0.90856
2282.28228 0.00000 0.00000 0.00000 0.00000 0.00000 0.00000 0.00000 0.00000 0.89054
2284.38438 0.00000 0.00000 0.00000 0.00000 0.00000 0.00000 0.00000 0.00000 0.90152
2286.48649 0.00000 0.00000 0.00000 0.00000 0.00000 0.00000 0.00000 0.00000 0.93248
2288.58859 0.00000 0.00000 0.00000 0.00000 0.00000 0.00000 0.00000 0.00000 0.88959
2290.69069 0.00000 0.00000 0.00000 0.00000 0.00000 0.00000 0.00000 0.00000 0.84671
2292.79279 0.00000 0.00000 0.00000 0.00000 0.00000 0.00000 0.00000 0.00000 0.80795
2294.89489 0.00000 0.00000 0.00000 0.00000 0.00000 0.00000 0.00000 0.00000 0.71277
2296.99700 0.00000 0.00000 0.00000 0.00000 0.00000 0.00000 0.00000 0.00000 0.65768
2299.09910 0.00000 0.00000 0.00000 0.00000 0.00000 0.00000 0.00000 0.00000 0.55904
2301.20120 0.00000 0.00000 0.00000 0.00000 0.00000 0.00000 0.00000 0.00000 0.52391
2303.30330 0.00000 0.00000 0.00000 0.00000 0.00000 0.00000 0.00000 0.00000 0.48877
2305.40541 0.00000 0.00000 0.00000 0.00000 0.00000 0.00000 0.00000 0.00000 0.45364
2307.50751 0.00000 0.00000 0.00000 0.00000 0.00000 0.00000 0.00000 0.00000 0.41491
2309.60961 0.00000 0.00000 0.00000 0.00000 0.00000 0.00000 0.00000 0.00000 0.37476
2311.71171 0.00000 0.00000 0.00000 0.00000 0.00000 0.00000 0.00000 0.00000 0.33140
2313.81381 0.00000 0.00000 0.00000 0.00000 0.00000 0.00000 0.00000 0.00000 0.28179
2315.91592 0.00000 0.00000 0.00000 0.00000 0.00000 0.00000 0.00000 0.00000 0.23218
2318.01802 0.00000 0.00000 0.00000 0.00000 0.00000 0.00000 0.00000 0.00000 0.19610
2320.12012 0.00000 0.00000 0.00000 0.00000 0.00000 0.00000 0.00000 0.00000 0.16196
2322.22222 0.00000 0.00000 0.00000 0.00000 0.00000 0.00000 0.00000 0.00000 0.15078
2324.32432 0.00000 0.00000 0.00000 0.00000 0.00000 0.00000 0.00000 0.00000 0.13959
2326.42643 0.00000 0.00000 0.00000 0.00000 0.00000 0.00000 0.00000 0.00000 0.11513
2328.52853 0.00000 0.00000 0.00000 0.00000 0.00000 0.00000 0.00000 0.00000 0.08986
2330.63063 0.00000 0.00000 0.00000 0.00000 0.00000 0.00000 0.00000 0.00000 0.08094
2332.73273 0.00000 0.00000 0.00000 0.00000 0.00000 0.00000 0.00000 0.00000 0.07202
2334.83483 0.00000 0.00000 0.00000 0.00000 0.00000 0.00000 0.00000 0.00000 0.06310
2336.93694 0.00000 0.00000 0.00000 0.00000 0.00000 0.00000 0.00000 0.00000 0.05305
2339.03904 0.00000 0.00000 0.00000 0.00000 0.00000 0.00000 0.00000 0.00000 0.04303
2341.14114 0.00000 0.00000 0.00000 0.00000 0.00000 0.00000 0.00000 0.00000 0.03920
2343.24324 0.00000 0.00000 0.00000 0.00000 0.00000 0.00000 0.00000 0.00000 0.03538
2345.34535 0.00000 0.00000 0.00000 0.00000 0.00000 0.00000 0.00000 0.00000 0.03198
2347.44745 0.00000 0.00000 0.00000 0.00000 0.00000 0.00000 0.00000 0.00000 0.02637
2349.54955 0.00000 0.00000 0.00000 0.00000 0.00000 0.00000 0.00000 0.00000 0.01964
2351.65165 0.00000 0.00000 0.00000 0.00000 0.00000 0.00000 0.00000 0.00000 0.01291
2353.75375 0.00000 0.00000 0.00000 0.00000 0.00000 0.00000 0.00000 0.00000 0.01083
2355.85586 0.00000 0.00000 0.00000 0.00000 0.00000 0.00000 0.00000 0.00000 0.00966
2357.95796 0.00000 0.00000 0.00000 0.00000 0.00000 0.00000 0.00000 0.00000 0.00849
2360.06006 0.00000 0.00000 0.00000 0.00000 0.00000 0.00000 0.00000 0.00000 0.00732
2362.16216 0.00000 0.00000 0.00000 0.00000 0.00000 0.00000 0.00000 0.00000 0.00326
2364.26426 0.00000 0.00000 0.00000 0.00000 0.00000 0.00000 0.00000 0.00000 0.00112
2366.36637 0.00000 0.00000 0.00000 0.00000 0.00000 0.00000 0.00000 0.00000 0.00181
2368.46847 0.00000 0.00000 0.00000 0.00000 0.00000 0.00000 0.00000 0.00000 0.00250
2370.57057 0.00000 0.00000 0.00000 0.00000 0.00000 0.00000 0.00000 0.00000 0.00290
2372.67267 0.00000 0.00000 0.00000 0.00000 0.00000 0.00000 0.00000 0.00000 0.00252
2374.77477 0.00000 0.00000 0.00000 0.00000 0.00000 0.00000 0.00000 0.00000 0.00214
2376.87688 0.00000 0.00000 0.00000 0.00000 0.00000 0.00000 0.00000 0.00000 0.00175
2378.97898 0.00000 0.00000 0.00000 0.00000 0.00000 0.00000 0.00000 0.00000 0.00135
2381.08108 0.00000 0.00000 0.00000 0.00000 0.00000 0.00000 0.00000 0.00000 0.00095
2383.18318 0.00000 0.00000 0.00000 0.00000 0.00000 0.00000 0.00000 0.00000 0.00055
2385.28529 0.00000 0.00000 0.00000 0.00000 0.00000 0.00000 0.00000 0.00000 0.00037
2387.38739 0.00000 0.00000 0.00000 0.00000 0.00000 0.00000 0.00000 0.00000 0.00031
2389.48949 0.00000 0.00000 0.00000 0.00000 0.00000 0.00000 0.00000 0.00000 0.00025
2391.59159 0.00000 0.00000 0.00000 0.00000 0.00000 0.00000 0.00000 0.00000 0.00020
2393.69369 0.00000 0.00000 0.00000 0.00000 0.00000 0.00000 0.00000 0.00000 0.00014
2395.79580 0.00000 0.00000 0.00000 0.00000 0.00000 0.00000 0.00000 0.00000 0.00009
2397.89790 0.00000 0.00000 0.00000 0.00000 0.00000 0.00000 0.00000 0.00000 0.00003
2400.00000 0.00000 0.00000 0.00000 0.00000 0.00000 0.00000 0.00000 0.00000 0.00000
