3.330848144531199978e+03 1.894078799999999986e-17
3.334924926383090224e+03 -9.828626499999999768e-17
3.339001708234970010e+03 6.947146899999999711e-17
3.343078490086849797e+03 1.047912979999999959e-16
3.347155271938740043e+03 1.299252879999999935e-16
3.351232053790619830e+03 1.123846029999999837e-16
3.355308835642510076e+03 4.852141699999999761e-17
3.359385617494389862e+03 6.493748399999999065e-17
3.363462399346270104e+03 6.924820800000000022e-18
3.367539181198159895e+03 5.163585100000000198e-17
3.371615963050040136e+03 -8.603234199999998971e-17
3.375692744901919923e+03 4.424831399999999830e-17
3.379769526753810169e+03 -6.337268499999999214e-17
3.383846308605689956e+03 -6.027703600000000150e-17
3.387923090457580201e+03 1.055886659999999946e-16
3.391999872309459988e+03 1.478001589999999941e-17
3.396076654161339775e+03 1.331284620000000016e-16
3.400153436013230021e+03 2.700552000000000265e-17
3.404230217865109807e+03 -4.275615600000000048e-17
3.408306999717000053e+03 -5.164526899999999254e-17
3.412383781568879840e+03 -8.384495200000000523e-18
3.416460563420760081e+03 8.556936400000000539e-18
3.420537345272649873e+03 8.184811499999999552e-18
3.424614127124530114e+03 -2.107075199999999917e-17
3.428690908976409901e+03 -1.192799900000000050e-17
3.432767690828300147e+03 1.012610269999999883e-18
3.436844472680179933e+03 -2.292557099999999870e-18
3.440921254532070179e+03 -1.261879569999999862e-17
3.444998036383949966e+03 2.816636499999999842e-17
3.449074818235830207e+03 1.497964349999999957e-17
3.453151600087719999e+03 4.910206900000000287e-18
3.457228381939599785e+03 2.825349000000000326e-17
3.461305163791490031e+03 5.992586700000000167e-17
3.465381945643369818e+03 -8.752065800000000193e-18
3.469458727495250059e+03 7.850360300000000196e-18
3.473535509347139850e+03 1.126410309999999936e-18
3.477612291199020092e+03 3.136539100000000391e-17
3.481689073050909883e+03 3.238552699999999988e-18
3.485765854902790124e+03 -1.865867299999999849e-18
3.489842636754669911e+03 4.201823700000000230e-17
3.493919418606560157e+03 1.478853459999999929e-17
3.497996200458439944e+03 3.962040399999999717e-17
3.502072982310320185e+03 4.533194499999999641e-17
3.506149764162209976e+03 -3.234567899999999831e-17
3.510226546014090218e+03 -4.626946100000000383e-17
3.514303327865980009e+03 1.573442820000000106e-17
3.518380109717859796e+03 1.349293570000000127e-17
3.522456891569740037e+03 1.740847600000000040e-17
3.526533673421629828e+03 -8.417674100000000293e-18
3.530610455273510070e+03 -4.147979599999999905e-17
3.534687237125389856e+03 -2.281333699999999828e-18
3.538764018977280102e+03 6.725354699999999595e-18
3.542840800829159889e+03 3.166379199999999715e-17
3.546917582681050135e+03 2.529579599999999950e-17
3.550994364532929922e+03 4.116495599999999619e-17
3.555071146384810163e+03 2.782388300000000243e-17
3.559147928236699954e+03 3.324140899999999886e-18
3.563224710088580196e+03 3.489353699999999891e-17
3.567301491940469987e+03 3.829040900000000103e-17
3.571378273792349773e+03 2.892893400000000209e-17
3.575455055644230015e+03 1.313041409999999884e-17
3.579531837496119806e+03 2.544867699999999970e-17
3.583608619348000047e+03 3.513325400000000175e-17
3.587685401199879834e+03 7.047616899999999917e-18
3.591762183051770080e+03 -8.831421799999999850e-18
3.595838964903649867e+03 3.550021599999999685e-17
3.599915746755540113e+03 2.385190100000000122e-18
3.603992528607419899e+03 -1.392848420000000043e-17
3.608069310459300141e+03 -1.681021030000000110e-17
3.612146092311189932e+03 1.280077559999999937e-18
3.616222874163070173e+03 -8.278245200000000029e-18
3.620299656014949960e+03 2.147060899999999752e-17
3.624376437866840206e+03 -2.465557599999999938e-17
3.628453219718719993e+03 1.843658500000000211e-17
3.632530001570609784e+03 3.721408799999999953e-17
3.636606783422490025e+03 2.236176599999999879e-17
3.640683565274369812e+03 2.290471200000000139e-17
3.644760347126260058e+03 6.209928299999999494e-18
3.648837128978139845e+03 1.160634539999999935e-17
3.652913910830020086e+03 4.639325499999999527e-18
3.656990692681909877e+03 2.621230000000000034e-17
3.661067474533790119e+03 1.096989769999999866e-17
3.665144256385679910e+03 1.312803410000000055e-17
3.669221038237560151e+03 1.500649160000000017e-17
3.673297820089439938e+03 1.711422300000000052e-17
3.677374601941330184e+03 2.713099699999999831e-17
3.681451383793209970e+03 9.180669799999999180e-18
3.685528165645100216e+03 1.602050079999999907e-17
3.689604947496980003e+03 1.309378589999999910e-17
3.693681729348859790e+03 4.856163899999999379e-17
3.697758511200750036e+03 1.150282730000000053e-17
3.701835293052629822e+03 3.644954700000000178e-18
3.705912074904510064e+03 6.399121300000000333e-18
3.709988856756399855e+03 2.237062299999999976e-17
3.714065638608280096e+03 3.680301100000000287e-18
3.718142420460169888e+03 2.031749900000000196e-17
3.722219202312050129e+03 -1.948448199999999782e-17
3.726295984163929916e+03 -5.505851200000000204e-18
3.730372766015820162e+03 2.583947299999999806e-17
3.734449547867699948e+03 3.253726899999999838e-17
3.738526329719590194e+03 1.053627869999999970e-17
3.742603111571469981e+03 9.168728999999999309e-18
3.746679893423350222e+03 1.690758969999999986e-17
3.750756675275240013e+03 1.486990850000000098e-17
3.754833457127119800e+03 -3.088816700000000171e-18
3.758910238979000042e+03 8.137580399999999610e-18
3.762987020830889833e+03 3.384229100000000034e-17
3.767063802682770074e+03 3.686128699999999524e-17
3.771140584534659865e+03 1.527393049999999826e-17
3.775217366386540107e+03 5.909186399999999355e-18
3.779294148238419893e+03 4.165476000000000067e-18
3.783370930090310139e+03 1.497618059999999885e-17
3.787447711942189926e+03 3.438030699999999999e-17
3.791524493794080172e+03 -7.412328099999999488e-19
3.795601275645959959e+03 8.758241899999999240e-18
3.799678057497840200e+03 2.411091300000000146e-17
3.803754839349729991e+03 2.331974999999999796e-17
3.807831621201609778e+03 3.056106999999999603e-17
3.811908403053490019e+03 1.646101160000000066e-17
3.815985184905379811e+03 2.157002500000000013e-17
3.820061966757260052e+03 2.277093899999999744e-17
3.824138748609149843e+03 3.599187299999999960e-17
3.828215530461030085e+03 2.887007999999999915e-17
3.832292312312909871e+03 2.238333900000000113e-17
3.836369094164800117e+03 3.307103499999999899e-17
3.840445876016679904e+03 1.984144799999999796e-17
3.844522657868560145e+03 2.086287599999999952e-17
3.848599439720449936e+03 1.126768329999999928e-17
3.852676221572330178e+03 9.068046500000001001e-18
3.856753003424219969e+03 9.397917899999999934e-18
3.860829785276100210e+03 1.319206629999999866e-17
3.864906567127979997e+03 1.211007920000000028e-17
3.868983348979869788e+03 7.942488400000000494e-18
3.873060130831750030e+03 1.438549519999999964e-17
3.877136912683629816e+03 1.366114730000000031e-17
3.881213694535520062e+03 2.515129599999999846e-17
3.885290476387399849e+03 1.950369199999999974e-17
3.889367258239290095e+03 1.023975620000000017e-19
3.893444040091169882e+03 1.795199999999999815e-17
3.897520821943050123e+03 8.166334199999999084e-18
3.901597603794939914e+03 5.623652699999999723e-18
3.905674385646820156e+03 2.567841500000000081e-17
3.909751167498709947e+03 1.230666209999999986e-17
3.913827949350590188e+03 2.214394499999999931e-17
3.917904731202469975e+03 1.214759820000000024e-17
3.921981513054360221e+03 2.038512499999999960e-17
3.926058294906240008e+03 2.188144799999999943e-17
3.930135076758119794e+03 1.538716750000000052e-17
3.934211858610010040e+03 1.183734479999999972e-17
3.938288640461889827e+03 1.859946199999999727e-17
3.942365422313780073e+03 1.740045200000000106e-17
3.946442204165659859e+03 2.379549499999999727e-17
3.950518986017540101e+03 1.204914610000000115e-17
3.954595767869429892e+03 1.370457039999999960e-17
3.958672549721310133e+03 2.441818799999999815e-17
3.962749331573189920e+03 2.856855099999999839e-17
3.966826113425080166e+03 1.757680999999999853e-17
3.970902895276959953e+03 1.076657769999999965e-17
3.974979677128850199e+03 2.037251100000000082e-17
3.979056458980729985e+03 1.186091019999999883e-17
3.983133240832610227e+03 1.598749189999999950e-18
3.987210022684500018e+03 2.521074500000000213e-17
3.991286804536379805e+03 2.846916899999999766e-17
3.995363586388270051e+03 2.726034999999999993e-17
3.999440368240149837e+03 2.591916899999999813e-17
4.003517150092030079e+03 1.663491819999999895e-17
4.007593931943919870e+03 2.129261900000000175e-17
4.011670713795800111e+03 8.009291600000000148e-18
4.015747495647679898e+03 8.643830200000000230e-18
4.019824277499570144e+03 1.933938699999999914e-17
4.023901059351449931e+03 2.951325800000000043e-17
4.027977841203340176e+03 2.141427099999999889e-17
4.032054623055219963e+03 2.836281700000000074e-17
4.036131404907100205e+03 2.471434499999999913e-17
4.040208186758989996e+03 1.738962299999999830e-17
4.044284968610869782e+03 2.638748500000000192e-17
4.048361750462760028e+03 2.918172400000000303e-17
4.052438532314639815e+03 3.695079199999999683e-17
4.056515314166520056e+03 3.613747800000000199e-17
4.060592096018409848e+03 3.104830699999999954e-17
4.064668877870290089e+03 2.300853100000000076e-17
4.068745659722169876e+03 3.171249699999999816e-17
4.072822441574060122e+03 2.259781099999999775e-17
4.076899223425939908e+03 2.049751199999999774e-17
4.080976005277830154e+03 1.997285799999999841e-17
4.085052787129709941e+03 3.353280600000000094e-17
4.089129568981590182e+03 1.540507020000000139e-17
4.093206350833479974e+03 1.651993869999999918e-17
4.097283132685360215e+03 2.701463200000000085e-17
4.101359914537240002e+03 2.824031500000000256e-17
4.105436696389129793e+03 1.803400799999999736e-17
4.109513478241009580e+03 2.532121099999999976e-17
4.113590260092900280e+03 3.252893900000000052e-17
4.117667041944780067e+03 1.336545270000000039e-17
4.121743823796659854e+03 2.663651800000000197e-17
4.125820605648549645e+03 2.361646799999999777e-17
4.129897387500430341e+03 2.854344199999999665e-17
4.133974169352320132e+03 3.406747299999999465e-17
4.138050951204199919e+03 2.082688699999999989e-17
4.142127733056079705e+03 2.569157299999999903e-17
4.146204514907970406e+03 2.018007099999999971e-17
4.150281296759850193e+03 2.921529899999999787e-17
4.154358078611729979e+03 3.727176900000000042e-17
4.158434860463619771e+03 2.659962800000000001e-17
4.162511642315499557e+03 2.093011099999999853e-17
4.166588424167390258e+03 3.459782199999999786e-17
4.170665206019270045e+03 2.821376099999999598e-17
4.174741987871149831e+03 2.557554799999999582e-17
4.178818769723039622e+03 3.573971200000000127e-17
4.182895551574920319e+03 2.101509399999999829e-17
4.186972333426800105e+03 2.853694800000000227e-17
4.191049115278689897e+03 1.524682399999999871e-17
4.195125897130569683e+03 2.089847399999999744e-17
4.199202678982460384e+03 3.039193699999999815e-17
4.203279460834340171e+03 3.343752099999999845e-17
4.207356242686219957e+03 1.955450499999999778e-17
4.211433024538109748e+03 1.807649100000000061e-17
4.215509806389990445e+03 3.167074500000000011e-17
4.219586588241880236e+03 2.815060600000000196e-17
4.223663370093760022e+03 1.987908599999999838e-17
4.227740151945639809e+03 2.716659500000000239e-17
4.231816933797529600e+03 1.977742599999999733e-17
4.235893715649410296e+03 2.947045199999999616e-17
4.239970497501300088e+03 2.382873000000000093e-17
4.244047279353179874e+03 2.401844999999999872e-17
4.248124061205059661e+03 2.208801499999999871e-17
4.252200843056950362e+03 2.854498899999999793e-17
4.256277624908830148e+03 2.247794399999999971e-17
4.260354406760709935e+03 2.093687699999999879e-17
4.264431188612599726e+03 2.097245800000000039e-17
4.268507970464480422e+03 2.332464599999999902e-17
4.272584752316360209e+03 1.685458879999999958e-17
4.276661534168250000e+03 1.869845299999999937e-17
4.280738316020129787e+03 2.609246699999999803e-17
4.284815097872019578e+03 2.895711999999999464e-17
4.288891879723900274e+03 3.747284500000000100e-17
4.292968661575780061e+03 2.855517199999999867e-17
4.297045443427669852e+03 2.211938000000000009e-17
4.301122225279549639e+03 2.438172299999999671e-17
4.305199007131440339e+03 2.160293699999999970e-17
4.309275788983320126e+03 2.757257199999999590e-17
4.313352570835199913e+03 3.419900199999999708e-17
4.317429352687089704e+03 2.860909599999999558e-17
4.321506134538970400e+03 2.699198800000000213e-17
4.325582916390860191e+03 2.268360999999999974e-17
4.329659698242739978e+03 2.475925900000000043e-17
4.333736480094619765e+03 1.874795699999999704e-17
4.337813261946509556e+03 8.796549699999999920e-18
4.341890043798390252e+03 1.885934099999999949e-17
4.345966825650270039e+03 2.568633699999999755e-17
4.350043607502159830e+03 1.681535449999999900e-17
4.354120389354039617e+03 6.624237000000000199e-18
4.358197171205920313e+03 2.574799599999999776e-17
4.362273953057810104e+03 2.136457999999999853e-17
4.366350734909689891e+03 2.472012500000000003e-17
4.370427516761579682e+03 2.019023700000000104e-17
4.374504298613460378e+03 1.676324439999999895e-17
4.378581080465340165e+03 2.488315499999999908e-17
4.382657862317229956e+03 2.980679699999999758e-17
4.386734644169109743e+03 3.274383599999999766e-17
4.390811426021000443e+03 3.039360299999999526e-17
4.394888207872880230e+03 2.279147499999999913e-17
4.398964989724760017e+03 2.000588899999999997e-17
4.403041771576649808e+03 2.894268699999999487e-17
4.407118553428529594e+03 2.594686199999999872e-17
4.411195335280410291e+03 2.285495299999999724e-17
4.415272117132300082e+03 3.052457099999999886e-17
4.419348898984179868e+03 1.764392599999999863e-17
4.423425680836069660e+03 3.064408099999999708e-17
4.427502462687950356e+03 3.247635799999999970e-17
4.431579244539830142e+03 2.980031999999999644e-17
4.435656026391719934e+03 2.819030099999999811e-17
4.439732808243599720e+03 2.792331600000000137e-17
4.443809590095490421e+03 3.043560999999999670e-17
4.447886371947370208e+03 2.097308699999999993e-17
4.451963153799249994e+03 4.192913999999999875e-17
4.456039935651139785e+03 3.096543199999999373e-17
4.460116717503019572e+03 2.997353299999999931e-17
4.464193499354900268e+03 3.282383799999999934e-17
4.468270281206790060e+03 3.482470400000000041e-17
4.472347063058669846e+03 2.468731499999999997e-17
4.476423844910559637e+03 3.112223999999999811e-17
4.480500626762440334e+03 3.328130799999999788e-17
4.484577408614320120e+03 3.591134399999999789e-17
4.488654190466209911e+03 2.842002199999999981e-17
4.492730972318089698e+03 2.982230100000000298e-17
4.496807754169970394e+03 4.175776299999999935e-17
4.500884536021860185e+03 3.883451099999999703e-17
4.504961317873739972e+03 2.639831400000000160e-17
4.509038099725629763e+03 3.455873899999999876e-17
4.513114881577509550e+03 3.686421100000000375e-17
4.517191663429390246e+03 2.448829599999999821e-17
4.521268445281280037e+03 3.442491499999999660e-17
4.525345227133159824e+03 2.574014199999999863e-17
4.529422008985049615e+03 3.879399999999999865e-17
4.533498790836930311e+03 3.476076699999999681e-17
4.537575572688810098e+03 2.148473599999999877e-17
4.541652354540699889e+03 2.174825299999999989e-17
4.545729136392579676e+03 2.664069999999999723e-17
4.549805918244460372e+03 3.451504900000000081e-17
4.553882700096350163e+03 3.696556499999999702e-17
4.557959481948229950e+03 3.090428299999999723e-17
4.562036263800119741e+03 4.219241899999999588e-17
4.566113045652000437e+03 4.649459199999999993e-17
4.570189827503880224e+03 4.550039799999999962e-17
4.574266609355770015e+03 3.652954899999999883e-17
4.578343391207649802e+03 3.465720300000000083e-17
4.582420173059529588e+03 3.347279599999999536e-17
4.586496954911420289e+03 3.227273200000000217e-17
4.590573736763300076e+03 4.757684599999999697e-17
4.594650518615189867e+03 3.958694799999999817e-17
4.598727300467069654e+03 3.828877699999999657e-17
4.602804082318950350e+03 3.551767500000000156e-17
4.606880864170840141e+03 4.016450599999999933e-17
4.610957646022719928e+03 4.002680599999999736e-17
4.615034427874609719e+03 2.889729699999999483e-17
4.619111209726490415e+03 3.777245300000000126e-17
4.623187991578370202e+03 4.844064999999999808e-17
4.627264773430259993e+03 3.564221699999999607e-17
4.631341555282139780e+03 3.073319500000000004e-17
4.635418337134019566e+03 3.480326699999999947e-17
4.639495118985910267e+03 3.960348899999999805e-17
4.643571900837790054e+03 3.412010499999999984e-17
4.647648682689679845e+03 3.229093899999999917e-17
4.651725464541559631e+03 3.707909100000000148e-17
4.655802246393440328e+03 2.908926100000000029e-17
4.659879028245330119e+03 3.007881400000000293e-17
4.663955810097209906e+03 4.168887899999999648e-17
4.668032591949089692e+03 3.325735499999999879e-17
4.672109373800980393e+03 2.266915999999999748e-17
4.676186155652860180e+03 3.351264399999999848e-17
4.680262937504749971e+03 3.767573999999999948e-17
4.684339719356629757e+03 4.233773499999999607e-17
4.688416501208510454e+03 4.179501000000000114e-17
4.692493283060400245e+03 2.855549499999999968e-17
4.696570064912280031e+03 3.652798499999999815e-17
4.700646846764169823e+03 4.185564900000000318e-17
4.704723628616049609e+03 2.872632799999999964e-17
4.708800410467930305e+03 2.914396700000000062e-17
4.712877192319820097e+03 2.856353600000000150e-17
4.716953974171699883e+03 3.496736800000000106e-17
4.721030756023579670e+03 3.604873799999999826e-17
4.725107537875470371e+03 3.737427899999999634e-17
4.729184319727350157e+03 3.909632800000000224e-17
4.733261101579239948e+03 3.324123900000000250e-17
4.737337883431119735e+03 3.447583000000000031e-17
4.741414665283000431e+03 3.498248100000000167e-17
4.745491447134890223e+03 3.280806199999999730e-17
4.749568228986770009e+03 3.673363399999999878e-17
4.753645010838659800e+03 4.224697200000000157e-17
4.757721792690539587e+03 3.635077699999999964e-17
4.761798574542420283e+03 3.198072300000000072e-17
4.765875356394310074e+03 3.967170999999999950e-17
4.769952138246189861e+03 3.980830499999999704e-17
4.774028920098069648e+03 3.619391800000000321e-17
4.778105701949960348e+03 4.113372699999999929e-17
4.782182483801840135e+03 4.323824199999999953e-17
4.786259265653729926e+03 4.112845699999999901e-17
4.790336047505609713e+03 4.830823700000000196e-17
4.794412829357490409e+03 4.611916399999999940e-17
4.798489611209380200e+03 2.588576399999999735e-17
4.802566393061259987e+03 2.837053499999999539e-17
4.806643174913139774e+03 4.096999999999999693e-17
4.810719956765029565e+03 4.003066499999999776e-17
4.814796738616910261e+03 3.996856399999999763e-17
4.818873520468800052e+03 4.192026599999999529e-17
4.822950302320679839e+03 4.303964799999999829e-17
4.827027084172559626e+03 4.140645799999999812e-17
4.831103866024450326e+03 3.030856899999999729e-17
4.835180647876330113e+03 3.745846299999999943e-17
4.839257429728219904e+03 4.303628199999999911e-17
4.843334211580099691e+03 3.314540999999999441e-17
4.847410993431980387e+03 3.426613499999999967e-17
4.851487775283870178e+03 4.050994600000000263e-17
4.855564557135749965e+03 4.907129899999999452e-17
4.859641338987629752e+03 5.076837500000000008e-17
4.863718120839520452e+03 4.391258100000000008e-17
4.867794902691400239e+03 4.160918299999999640e-17
4.871871684543290030e+03 3.207242099999999945e-17
4.875948466395169817e+03 2.145056600000000013e-17
4.880025248247049603e+03 3.707861499999999967e-17
4.884102030098940304e+03 3.855463999999999563e-17
4.888178811950820091e+03 4.499816699999999751e-17
4.892255593802709882e+03 4.958772499999999858e-17
4.896332375654589669e+03 3.404690300000000031e-17
4.900409157506470365e+03 3.596798799999999813e-17
4.904485939358360156e+03 4.511051999999999992e-17
4.908562721210239943e+03 4.142933999999999775e-17
4.912639503062129734e+03 3.679269200000000073e-17
4.916716284914010430e+03 3.604300900000000173e-17
4.920793066765890217e+03 3.988898699999999955e-17
4.924869848617780008e+03 3.785415499999999885e-17
4.928946630469659794e+03 3.828609099999999822e-17
4.933023412321539581e+03 4.244027900000000313e-17
4.937100194173430282e+03 4.405497300000000410e-17
4.941176976025310069e+03 4.544718799999999619e-17
4.945253757877199860e+03 4.972445600000000368e-17
4.949330539729079646e+03 4.303677499999999416e-17
4.953407321580960343e+03 3.309123100000000027e-17
4.957484103432850134e+03 3.899799999999999541e-17
4.961560885284729920e+03 3.813693299999999703e-17
4.965637667136609707e+03 4.329316899999999828e-17
4.969714448988500408e+03 4.896559299999999962e-17
4.973791230840380194e+03 4.518025399999999767e-17
4.977868012692259981e+03 4.888780099999999448e-17
4.981944794544149772e+03 5.021575599999999428e-17
4.986021576396029559e+03 4.554566899999999766e-17
4.990098358247920260e+03 4.588288099999999953e-17
4.994175140099800046e+03 4.168447600000000280e-17
4.998251921951679833e+03 4.343819600000000244e-17
5.002328703803569624e+03 4.580231799999999901e-17
5.006405485655450320e+03 4.805116299999999700e-17
5.010482267507340111e+03 4.490726800000000161e-17
5.014559049359219898e+03 4.337548299999999909e-17
5.018635831211099685e+03 4.904625799999999656e-17
5.022712613062990386e+03 4.244675599999999810e-17
5.026789394914870172e+03 4.469900100000000025e-17
5.030866176766759963e+03 4.523035299999999915e-17
5.034942958618639750e+03 3.966035399999999671e-17
5.039019740470520446e+03 5.112704099999999613e-17
5.043096522322410237e+03 6.063537899999999654e-17
5.047173304174290024e+03 3.267541099999999719e-17
5.051250086026169811e+03 4.788185999999999892e-17
5.055326867878059602e+03 5.339717000000000042e-17
5.059403649729940298e+03 4.261378100000000203e-17
5.063480431581830089e+03 3.879376200000000082e-17
5.067557213433709876e+03 4.505202300000000296e-17
5.071633995285589663e+03 4.656549899999999973e-17
5.075710777137480363e+03 3.703846099999999494e-17
5.079787558989360150e+03 4.377268800000000098e-17
5.083864340841239937e+03 3.630344899999999970e-17
5.087941122693129728e+03 4.925641200000000577e-17
5.092017904545010424e+03 4.348285500000000342e-17
5.096094686396900215e+03 4.997241800000000119e-17
5.100171468248780002e+03 4.922812399999999214e-17
5.104248250100659789e+03 4.683863799999999659e-17
5.108325031952549580e+03 4.509838199999999987e-17
5.112401813804430276e+03 3.907047100000000205e-17
5.116478595656310063e+03 5.148371799999999407e-17
5.120555377508199854e+03 4.629045599999999561e-17
5.124632159360079640e+03 4.160848599999999617e-17
5.128708941211970341e+03 4.738358999999999363e-17
5.132785723063850128e+03 4.806136299999999715e-17
5.136862504915729915e+03 5.171547899999999827e-17
5.140939286767619706e+03 5.325948700000000402e-17
5.145016068619500402e+03 4.766534799999999672e-17
5.149092850471390193e+03 5.306757400000000294e-17
5.153169632323269980e+03 5.630087200000000349e-17
5.157246414175149766e+03 4.963641300000000018e-17
5.161323196027039558e+03 4.213988899999999944e-17
5.165399977878920254e+03 4.760438600000000600e-17
5.169476759730810045e+03 5.115690999999999752e-17
5.173553541582689832e+03 4.839418899999999859e-17
5.177630323434569618e+03 5.068135199999999782e-17
5.181707105286460319e+03 5.332541300000000574e-17
5.185783887138340106e+03 5.189326499999999502e-17
5.189860668990219892e+03 4.750447699999999908e-17
5.193937450842109683e+03 4.954083899999999549e-17
5.198014232693990380e+03 5.384234899999999811e-17
5.202091014545880171e+03 4.674253699999999803e-17
5.206167796397759957e+03 4.653782300000000163e-17
5.210244578249639744e+03 5.409561500000000087e-17
5.214321360101530445e+03 5.036593399999999672e-17
5.218398141953410232e+03 4.117311600000000000e-17
5.222474923805290018e+03 4.715142099999999756e-17
5.226551705657179809e+03 5.134426699999999797e-17
5.230628487509059596e+03 5.435860499999999580e-17
5.234705269360950297e+03 5.187822000000000436e-17
5.238782051212830083e+03 4.076844800000000070e-17
5.242858833064709870e+03 5.404405400000000130e-17
5.246935614916599661e+03 4.056035099999999955e-17
5.251012396768480357e+03 4.675601800000000034e-17
5.255089178620360144e+03 5.100661300000000542e-17
5.259165960472249935e+03 5.492550400000000057e-17
5.263242742324129722e+03 4.978431299999999614e-17
5.267319524176020423e+03 4.378747800000000057e-17
5.271396306027900209e+03 4.343584999999999833e-17
5.275473087879779996e+03 5.001206199999999913e-17
5.279549869731669787e+03 6.261208799999999951e-17
5.283626651583549574e+03 5.112709200000000051e-17
5.287703433435440274e+03 4.231223500000000187e-17
5.291780215287320061e+03 4.760438600000000600e-17
5.295856997139199848e+03 4.799239399999999725e-17
5.299933778991089639e+03 4.975527699999999638e-17
5.304010560842970335e+03 5.000432699999999892e-17
5.308087342694850122e+03 4.740949800000000436e-17
5.312164124546739913e+03 5.369138900000000457e-17
5.316240906398619700e+03 5.095702399999999224e-17
5.320317688250510400e+03 5.609666799999999539e-17
5.324394470102390187e+03 4.755428700000000452e-17
5.328471251954279978e+03 4.440556399999999952e-17
5.332548033806159765e+03 3.745768099999999601e-17
5.336624815658039552e+03 4.851386899999999701e-17
5.340701597509930252e+03 6.693775500000000640e-17
5.344778379361810039e+03 4.928932399999999918e-17
5.348855161213689826e+03 5.009219999999999605e-17
5.352931943065579617e+03 5.461049399999999750e-17
5.357008724917460313e+03 6.298855300000000069e-17
5.361085506769340100e+03 5.277345700000000138e-17
5.365162288621229891e+03 4.432821399999999739e-17
5.369239070473109678e+03 4.132815599999999852e-17
5.373315852324990374e+03 5.316848599999999937e-17
5.377392634176880165e+03 6.189822399999999685e-17
5.381469416028759952e+03 6.034631100000000300e-17
5.385546197880649743e+03 6.532397899999999792e-17
5.389622979732530439e+03 5.616772799999999600e-17
5.393699761584410226e+03 5.677189099999999580e-17
5.397776543436300017e+03 6.860528499999999309e-17
5.401853325288179803e+03 5.657751300000000094e-17
5.405930107140069595e+03 4.993891099999999782e-17
5.410006888991950291e+03 5.077418899999999363e-17
5.414083670843830078e+03 5.744697800000000096e-17
5.418160452695719869e+03 5.476362999999999492e-17
5.422237234547599655e+03 5.434954400000000506e-17
5.426314016399490356e+03 5.530445100000000108e-17
5.430390798251370143e+03 5.150515500000000117e-17
5.434467580103249929e+03 4.542908300000000179e-17
5.438544361955139721e+03 5.432878699999999878e-17
5.442621143807020417e+03 5.392918500000000075e-17
5.446697925658900203e+03 5.181419799999999757e-17
5.450774707510789995e+03 5.119242300000000459e-17
5.454851489362669781e+03 5.122664400000000144e-17
5.458928271214559572e+03 5.083498099999999647e-17
5.463005053066440269e+03 4.971680600000000049e-17
5.467081834918320055e+03 5.676918800000000420e-17
5.471158616770209846e+03 5.864899699999999962e-17
5.475235398622089633e+03 5.167413499999999209e-17
5.479312180473970329e+03 5.363811099999999736e-17
5.483388962325860120e+03 6.445847499999999474e-17
5.487465744177739907e+03 5.475829200000000319e-17
5.491542526029629698e+03 4.973174900000000089e-17
5.495619307881510395e+03 5.710930699999999668e-17
5.499696089733400186e+03 5.666800399999999881e-17
5.503772871585279972e+03 5.337909899999999867e-17
5.507849653437159759e+03 4.760793900000000479e-17
5.511926435289049550e+03 4.725926899999999754e-17
5.516003217140930246e+03 5.257906200000000096e-17
5.520079998992810033e+03 5.206870500000000000e-17
5.524156780844699824e+03 5.162250599999999490e-17
5.528233562696579611e+03 5.420946399999999402e-17
5.532310344548470312e+03 6.496465000000000044e-17
5.536387126400350098e+03 4.929877600000000087e-17
5.540463908252229885e+03 6.506872400000000321e-17
5.544540690104119676e+03 6.273853399999999512e-17
5.548617471956000372e+03 5.685712900000000511e-17
5.552694253807880159e+03 6.186524400000000583e-17
5.556771035659769950e+03 6.525846100000000040e-17
5.560847817511649737e+03 5.892115000000000637e-17
5.564924599363530433e+03 6.370845200000000148e-17
5.569001381215420224e+03 4.619659899999999856e-17
5.573078163067300011e+03 4.110436799999999852e-17
5.577154944919189802e+03 4.972833199999999733e-17
5.581231726771069589e+03 5.925781799999999648e-17
5.585308508622950285e+03 5.414454100000000030e-17
5.589385290474840076e+03 5.821349099999999589e-17
5.593462072326719863e+03 5.859107800000000707e-17
5.597538854178599649e+03 4.961929399999999589e-17
5.601615636030490350e+03 5.961947599999999866e-17
5.605692417882370137e+03 6.109509299999999043e-17
5.609769199734259928e+03 5.712197199999999676e-17
5.613845981586139715e+03 5.720372500000000489e-17
5.617922763438020411e+03 5.393100399999999866e-17
5.621999545289910202e+03 6.507217500000000558e-17
5.626076327141789989e+03 5.522733899999999677e-17
5.630153108993679780e+03 6.112494499999999242e-17
5.634229890845559567e+03 5.840191900000000196e-17
5.638306672697440263e+03 5.366544700000000120e-17
5.642383454549330054e+03 4.717809399999999997e-17
5.646460236401209841e+03 5.694330200000000632e-17
5.650537018253099632e+03 5.785771499999999721e-17
5.654613800104980328e+03 4.919786399999999212e-17
5.658690581956860115e+03 6.435496199999999697e-17
5.662767363808749906e+03 7.177916799999999187e-17
5.666844145660629692e+03 6.168723700000000449e-17
5.670920927512510389e+03 5.326264899999999803e-17
5.674997709364400180e+03 4.379375100000000270e-17
5.679074491216279966e+03 5.141967900000000020e-17
5.683151273068169758e+03 6.569095799999999860e-17
5.687228054920050454e+03 6.682174700000000260e-17
5.691304836771930241e+03 6.628187800000000624e-17
5.695381618623820032e+03 6.400377599999999774e-17
5.699458400475699818e+03 6.955419099999999595e-17
5.703535182327579605e+03 6.238952399999999361e-17
5.707611964179470306e+03 5.538715599999999436e-17
5.711688746031350092e+03 6.085901399999998957e-17
5.715765527883239884e+03 5.231911499999999804e-17
5.719842309735119670e+03 5.266426599999999913e-17
5.723919091587000366e+03 5.518341100000000099e-17
5.727995873438890158e+03 6.214802199999999784e-17
5.732072655290769944e+03 6.299268399999999156e-17
5.736149437142659735e+03 6.193553899999999626e-17
5.740226218994540432e+03 6.330424299999999843e-17
5.744303000846420218e+03 6.900328899999999164e-17
5.748379782698310009e+03 6.985636599999999874e-17
5.752456564550189796e+03 6.494336599999999414e-17
5.756533346402069583e+03 6.144629600000000139e-17
5.760610128253960283e+03 6.243309499999999574e-17
5.764686910105840070e+03 6.858646599999999904e-17
5.768763691957729861e+03 6.769207899999999690e-17
5.772840473809609648e+03 5.556852899999999488e-17
5.776917255661490344e+03 5.290083800000000121e-17
5.780994037513380135e+03 6.502455799999999727e-17
5.785070819365259922e+03 6.065404499999999595e-17
5.789147601217139709e+03 5.769290000000000214e-17
5.793224383069030409e+03 5.900846200000000466e-17
5.797301164920910196e+03 6.666776099999999797e-17
5.801377946772799987e+03 6.373900099999999138e-17
5.805454728624679774e+03 5.751560700000000044e-17
5.809531510476559561e+03 5.287831299999999523e-17
5.813608292328450261e+03 5.453278699999999554e-17
5.817685074180330048e+03 6.397020100000000291e-17
5.821761856032219839e+03 6.368143899999999865e-17
5.825838637884099626e+03 6.837229999999999479e-17
5.829915419735980322e+03 6.670811899999998939e-17
5.833992201587870113e+03 5.519031299999999957e-17
5.838068983439749900e+03 5.661268600000000143e-17
5.842145765291639691e+03 5.933827900000000057e-17
5.846222547143520387e+03 6.375202300000000361e-17
5.850299328995400174e+03 6.467398400000000125e-17
5.854376110847289965e+03 5.165977000000000226e-17
5.858452892699169752e+03 5.860613999999999714e-17
5.862529674551050448e+03 6.318192799999999370e-17
5.866606456402940239e+03 6.614774799999999630e-17
5.870683238254820026e+03 6.284774199999999060e-17
5.874760020106699812e+03 6.355427900000000340e-17
5.878836801958589604e+03 5.735174399999999668e-17
5.882913583810470300e+03 5.067004699999999941e-17
5.886990365662360091e+03 5.559295800000000195e-17
5.891067147514239878e+03 6.193557299999999506e-17
5.895143929366119664e+03 6.378558099999999903e-17
5.899220711218010365e+03 6.374144899999999191e-17
5.903297493069890152e+03 7.416943599999999084e-17
5.907374274921769938e+03 7.970169499999999643e-17
5.911451056773659730e+03 6.876345299999999913e-17
5.915527838625540426e+03 5.973444700000000180e-17
5.919604620477430217e+03 5.736680599999999907e-17
5.923681402329310004e+03 5.633373299999999869e-17
5.927758184181189790e+03 6.157459499999999372e-17
5.931834966033079581e+03 7.142524500000000223e-17
5.935911747884960278e+03 7.550357900000000807e-17
5.939988529736850069e+03 6.212857400000000118e-17
5.944065311588729855e+03 5.878105299999999592e-17
5.948142093440609642e+03 5.359091899999999882e-17
5.952218875292500343e+03 5.077323699999999616e-17
5.956295657144380129e+03 6.188404600000000047e-17
5.960372438996269921e+03 6.655870599999999713e-17
5.964449220848149707e+03 7.304043199999999826e-17
5.968526002700030404e+03 7.336440100000000181e-17
5.972602784551920195e+03 5.949564799999999763e-17
5.976679566403799981e+03 6.157158600000000052e-17
5.980756348255679768e+03 6.580529999999999912e-17
5.984833130107569559e+03 6.574277400000000772e-17
5.988909911959450255e+03 6.419562099999999504e-17
5.992986693811340047e+03 6.924756200000000128e-17
5.997063475663219833e+03 6.197814099999999534e-17
6.001140257515099620e+03 6.465157799999999728e-17
6.005217039366990321e+03 6.259056600000000154e-17
6.009293821218870107e+03 6.121174699999999625e-17
6.013370603070759898e+03 6.693462700000000504e-17
6.017447384922639685e+03 6.652773199999999747e-17
6.021524166774520381e+03 6.352116300000000482e-17
6.025600948626410172e+03 6.751852599999999978e-17
6.029677730478289959e+03 7.018696499999999190e-17
6.033754512330169746e+03 6.737336299999999423e-17
6.037831294182060446e+03 6.657196600000000102e-17
6.041908076033940233e+03 5.822020599999999486e-17
6.045984857885830024e+03 5.889746899999999775e-17
6.050061639737709811e+03 6.846986300000000376e-17
6.054138421589589598e+03 6.945560799999999805e-17
6.058215203441480298e+03 6.858544599999999780e-17
6.062291985293360085e+03 7.427522699999999509e-17
6.066368767145239872e+03 6.657300300000000167e-17
6.070445548997129663e+03 5.510510899999999523e-17
6.074522330849010359e+03 5.749816500000000747e-17
6.078599112700890146e+03 6.008763900000000472e-17
6.082675894552779937e+03 6.751682599999999770e-17
6.086752676404659724e+03 6.686579400000000038e-17
6.090829458256550424e+03 6.744639499999999971e-17
6.094906240108430211e+03 7.197806800000000088e-17
6.098983021960309998e+03 6.436262899999999957e-17
6.103059803812199789e+03 6.853716600000000039e-17
6.107136585664079576e+03 7.053080700000000188e-17
6.111213367515970276e+03 6.575373899999999339e-17
6.115290149367850063e+03 6.717046800000000191e-17
6.119366931219729850e+03 6.823686100000000606e-17
6.123443713071619641e+03 7.031293500000000418e-17
6.127520494923500337e+03 6.845405300000000292e-17
6.131597276775390128e+03 6.574976099999999716e-17
6.135674058627269915e+03 6.709383199999999941e-17
6.139750840479149701e+03 6.560706300000000387e-17
6.143827622331040402e+03 7.033717699999999315e-17
6.147904404182920189e+03 7.234569299999999125e-17
6.151981186034799975e+03 6.871952499999999719e-17
6.156057967886689767e+03 7.910179900000000740e-17
6.160134749738569553e+03 7.317962800000000329e-17
6.164211531590460254e+03 6.789485500000000572e-17
6.168288313442340041e+03 7.208759899999999738e-17
6.172365095294219827e+03 7.727941599999999715e-17
6.176441877146109618e+03 7.284935199999999881e-17
6.180518658997990315e+03 6.565493499999999091e-17
6.184595440849870101e+03 6.516098300000000077e-17
6.188672222701759893e+03 6.927248399999999108e-17
6.192749004553639679e+03 7.355095899999999943e-17
6.196825786405530380e+03 7.109461199999999793e-17
6.200902568257410167e+03 7.329459900000000644e-17
6.204979350109289953e+03 7.516572099999999801e-17
6.209056131961179744e+03 6.098977800000000648e-17
6.213132913813060441e+03 6.708917400000000234e-17
6.217209695664940227e+03 6.970025499999999459e-17
6.221286477516830018e+03 7.871236299999999221e-17
6.225363259368709805e+03 7.975109699999999151e-17
6.229440041220599596e+03 7.989865699999999937e-17
6.233516823072480292e+03 8.491091999999999037e-17
6.237593604924370084e+03 6.502726100000000120e-17
6.241670386776249870e+03 5.969153900000000111e-17
6.245747168628129657e+03 6.756435799999999666e-17
6.249823950480020358e+03 6.928712099999999603e-17
6.253900732331900144e+03 6.856788499999999666e-17
6.257977514183779931e+03 6.900291500000000474e-17
6.262054296035669722e+03 7.194602299999998943e-17
6.266131077887550418e+03 6.669569200000000563e-17
6.270207859739430205e+03 7.083930599999999267e-17
6.274284641591319996e+03 7.377976199999999631e-17
6.278361423443199783e+03 7.489353399999999245e-17
6.282438205295089574e+03 7.346235499999999709e-17
6.286514987146970270e+03 6.554463899999999656e-17
6.290591768998860061e+03 6.899914100000000136e-17
6.294668550850739848e+03 6.810519599999999606e-17
6.298745332702619635e+03 6.178651700000000263e-17
6.302822114554510335e+03 7.202325399999999574e-17
6.306898896406390122e+03 7.944987399999999235e-17
6.310975678258269909e+03 7.660342799999999890e-17
6.315052460110159700e+03 6.851793899999999599e-17
6.319129241962040396e+03 6.844529800000000146e-17
6.323206023813920183e+03 7.177085499999999958e-17
6.327282805665809974e+03 6.793546800000000053e-17
6.331359587517689761e+03 6.807190999999999110e-17
6.335436369369579552e+03 7.553550499999999904e-17
6.339513151221460248e+03 7.664965099999999440e-17
6.343589933073340035e+03 7.888515100000000381e-17
6.347666714925229826e+03 6.991408099999999843e-17
6.351743496777109613e+03 6.975846300000000167e-17
6.355820278629000313e+03 6.718457800000000067e-17
6.359897060480880100e+03 7.285803900000000265e-17
6.363973842332759887e+03 7.485620200000000597e-17
6.368050624184649678e+03 7.046744800000000268e-17
6.372127406036530374e+03 7.584386799999999460e-17
6.376204187888410161e+03 7.294176399999999101e-17
6.380280969740299952e+03 7.333589199999998975e-17
6.384357751592179739e+03 7.961621899999999545e-17
6.388434533444070439e+03 7.467086800000000246e-17
6.392511315295950226e+03 6.790660200000000098e-17
6.396588097147830013e+03 7.560411699999999911e-17
6.400664878999719804e+03 7.366540299999999638e-17
6.404741660851599590e+03 6.937684699999999604e-17
6.408818442703480287e+03 7.888751399999999499e-17
6.412895224555370078e+03 7.912939000000000231e-17
6.416972006407249864e+03 6.989767600000000611e-17
6.421048788259139656e+03 7.399530500000000164e-17
6.425125570111020352e+03 7.722921499999999308e-17
6.429202351962900138e+03 7.326814699999999628e-17
6.433279133814789930e+03 7.410667200000000777e-17
6.437355915666669716e+03 7.193986900000000779e-17
6.441432697518560417e+03 7.134213200000000476e-17
6.445509479370440204e+03 7.021190400000000576e-17
6.449586261222329995e+03 7.339212800000000428e-17
6.453663043074209781e+03 8.081262799999999342e-17
6.457739824926089568e+03 7.277235899999999650e-17
6.461816606777980269e+03 7.931628799999998802e-17
6.465893388629860056e+03 8.112461199999999772e-17
6.469970170481739842e+03 7.720759099999999869e-17
6.474046952333629633e+03 8.035248900000000209e-17
6.478123734185510330e+03 7.126398299999999364e-17
6.482200516037390116e+03 7.131731199999999907e-17
6.486277297889279907e+03 7.626028300000000148e-17
6.490354079741159694e+03 7.718649399999999816e-17
6.494430861593040390e+03 8.010456099999999723e-17
6.498507643444930181e+03 8.160776899999999623e-17
6.502584425296809968e+03 7.991013199999999184e-17
6.506661207148699759e+03 7.350861199999999140e-17
6.510737989000579546e+03 8.186594799999999946e-17
6.514814770852460242e+03 9.128670199999999261e-17
6.518891552704350033e+03 8.342894499999999946e-17
6.522968334556229820e+03 7.239893699999999966e-17
6.527045116408119611e+03 7.387955200000000123e-17
6.531121898260000307e+03 7.809866299999999370e-17
6.535198680111880094e+03 8.484021699999998959e-17
6.539275461963769885e+03 8.204562099999999174e-17
6.543352243815649672e+03 7.243992400000000602e-17
6.547429025667540373e+03 7.606146799999998949e-17
6.551505807519420159e+03 7.560523899999999679e-17
6.555582589371299946e+03 8.120206399999999628e-17
6.559659371223189737e+03 8.461160099999999848e-17
6.563736153075070433e+03 7.425496300000000236e-17
6.567812934926950220e+03 7.203666699999999426e-17
6.571889716778840011e+03 8.053875799999999751e-17
6.575966498630719798e+03 7.648966400000000277e-17
6.580043280482599585e+03 7.921296199999999603e-17
6.584120062334490285e+03 8.408942899999999848e-17
6.588196844186370072e+03 7.650872100000000081e-17
6.592273626038249859e+03 7.734966000000000169e-17
6.596350407890139650e+03 8.510480499999999017e-17
6.600427189742020346e+03 7.405876599999999727e-17
6.604503971593910137e+03 7.288848599999999613e-17
6.608580753445789924e+03 7.872042100000000576e-17
6.612657535297679715e+03 7.718205699999999335e-17
6.616734317149560411e+03 8.046346499999999727e-17
6.620811099001440198e+03 8.095799499999999182e-17
6.624887880853329989e+03 7.512820199999999343e-17
6.628964662705209776e+03 7.442147799999999950e-17
6.633041444557089562e+03 7.740276800000000253e-17
6.637118226408980263e+03 7.588084300000000591e-17
6.641195008260860050e+03 7.726720999999999332e-17
6.645271790112739836e+03 7.671491400000000086e-17
6.649348571964629627e+03 7.845051200000000668e-17
6.653425353816510324e+03 7.453689099999999949e-17
6.657502135668400115e+03 7.855118600000000529e-17
6.661578917520279902e+03 8.418627799999999549e-17
6.665655699372159688e+03 8.073376499999999498e-17
6.669732481224050389e+03 7.703291599999999157e-17
6.673809263075930176e+03 7.405041899999999384e-17
6.677886044927819967e+03 7.738372800000000390e-17
6.681962826779699753e+03 8.393681999999999492e-17
6.686039608631580450e+03 8.017188099999999326e-17
6.690116390483470241e+03 8.325743199999999251e-17
6.694193172335350027e+03 8.998739200000000010e-17
6.698269954187239819e+03 8.029858199999999226e-17
6.702346736039119605e+03 8.238902099999999254e-17
6.706423517891000301e+03 8.726914300000000254e-17
6.710500299742890093e+03 8.241494599999999651e-17
6.714577081594769879e+03 8.442033399999999325e-17
6.718653863446649666e+03 7.976054900000000553e-17
6.722730645298540367e+03 8.143844899999999874e-17
6.726807427150420153e+03 8.321607099999999925e-17
6.730884209002309944e+03 8.461209399999999353e-17
6.734960990854189731e+03 8.568661299999999653e-17
6.739037772706070427e+03 8.841881899999999821e-17
6.743114554557960219e+03 8.639340500000000040e-17
6.747191336409840005e+03 8.263156000000000129e-17
6.751268118261729796e+03 8.290879599999999023e-17
6.755344900113609583e+03 7.652774400000000003e-17
6.759421681965490279e+03 7.674338900000000178e-17
6.763498463817380070e+03 7.719730600000000152e-17
6.767575245669259857e+03 8.191160999999998996e-17
6.771652027521149648e+03 8.127116900000000374e-17
6.775728809373030344e+03 8.653390999999999656e-17
6.779805591224910131e+03 9.029097800000000277e-17
6.783882373076799922e+03 8.329488299999999947e-17
6.787959154928679709e+03 8.227780699999999338e-17
6.792035936780560405e+03 7.944676300000000273e-17
6.796112718632450196e+03 7.468997599999999870e-17
6.800189500484329983e+03 7.581583499999999052e-17
6.804266282336209770e+03 7.552215999999999813e-17
6.808343064188099561e+03 8.563166899999999837e-17
6.812419846039980257e+03 9.022241700000000090e-17
6.816496627891870048e+03 8.830177399999999376e-17
6.820573409743749835e+03 8.184163800000000055e-17
6.824650191595629622e+03 8.679326199999999567e-17
6.828726973447520322e+03 9.370765499999998904e-17
6.832803755299400109e+03 9.269831400000000781e-17
6.836880537151289900e+03 8.621799900000000656e-17
6.840957319003169687e+03 8.527257799999999255e-17
6.845034100855050383e+03 8.173804000000000576e-17
6.849110882706940174e+03 8.078522399999999195e-17
6.853187664558819961e+03 7.156704200000000244e-17
6.857264446410699748e+03 7.786005099999999529e-17
6.861341228262590448e+03 8.383118199999999764e-17
6.865418010114470235e+03 8.923475099999999995e-17
6.869494791966360026e+03 8.667917499999999853e-17
6.873571573818239813e+03 8.104391299999998964e-17
6.877648355670119599e+03 8.276626800000000331e-17
6.881725137522010300e+03 8.456828499999998742e-17
6.885801919373890087e+03 8.603225700000000501e-17
6.889878701225769873e+03 8.327274899999999829e-17
6.893955483077659665e+03 7.998244999999999768e-17
6.898032264929540361e+03 7.982518299999999705e-17
6.902109046781430152e+03 8.210527399999999750e-17
6.906185828633309939e+03 8.232819500000000322e-17
6.910262610485189725e+03 8.261915000000000461e-17
6.914339392337080426e+03 8.858750999999999309e-17
6.918416174188960213e+03 8.077663899999999687e-17
6.922492956040850004e+03 7.894276400000000708e-17
6.926569737892729790e+03 7.937272799999999540e-17
6.930646519744609577e+03 8.161285199999999074e-17
6.934723301596500278e+03 8.395609799999999754e-17
6.938800083448380065e+03 8.871448299999999488e-17
6.942876865300269856e+03 8.263467100000000325e-17
6.946953647152149642e+03 7.683267299999999262e-17
6.951030429004030339e+03 8.869597000000000245e-17
6.955107210855920130e+03 9.717018099999999625e-17
6.959183992707799916e+03 8.607553900000000493e-17
6.963260774559679703e+03 8.345638299999999973e-17
6.967337556411570404e+03 8.938601700000000125e-17
6.971414338263450190e+03 8.406273899999999666e-17
6.975491120115329977e+03 7.843283199999999739e-17
6.979567901967219768e+03 8.880842499999999512e-17
6.983644683819099555e+03 8.147663099999999242e-17
6.987721465670990256e+03 8.259325899999999945e-17
6.991798247522870042e+03 8.703119399999999324e-17
6.995875029374749829e+03 8.206812900000000447e-17
6.999951811226639620e+03 8.188712999999999701e-17
7.004028593078520316e+03 8.928542799999999967e-17
7.008105374930400103e+03 8.917465599999999734e-17
7.012182156782289894e+03 9.470278399999999973e-17
7.016258938634169681e+03 8.839899700000000232e-17
7.020335720486060382e+03 8.207258299999999635e-17
7.024412502337940168e+03 8.593707399999999894e-17
7.028489284189819955e+03 8.979110999999999799e-17
7.032566066041709746e+03 8.960450099999998984e-17
7.036642847893590442e+03 8.842888299999999080e-17
7.040719629745480233e+03 8.773711900000000283e-17
7.044796411597360020e+03 8.965918999999999693e-17
7.048873193449239807e+03 8.104253600000000090e-17
7.052949975301129598e+03 8.289356399999999379e-17
7.057026757153010294e+03 9.551319099999999780e-17
7.061103539004900085e+03 9.398932799999999511e-17
7.065180320856779872e+03 8.247459900000000227e-17
7.069257102708659659e+03 7.978377100000000558e-17
7.073333884560550359e+03 8.672279699999999887e-17
7.077410666412430146e+03 9.095540599999999921e-17
7.081487448264309933e+03 8.265622700000000003e-17
7.085564230116199724e+03 8.070318199999999394e-17
7.089641011968080420e+03 8.548347999999998789e-17
7.093717793819970211e+03 8.542335099999999880e-17
7.097794575671849998e+03 8.360606799999999478e-17
7.101871357523729785e+03 8.541451100000000032e-17
7.105948139375619576e+03 8.379369700000000419e-17
7.110024921227500272e+03 8.692246199999999341e-17
7.114101703079390063e+03 8.767030900000000126e-17
7.118178484931269850e+03 8.271385699999999037e-17
7.122255266783149636e+03 8.235748600000000021e-17
7.126332048635040337e+03 8.583757299999999622e-17
7.130408830486920124e+03 8.094806699999999447e-17
7.134485612338809915e+03 8.365213799999999565e-17
7.138562394190689702e+03 8.084496200000000707e-17
7.142639176042570398e+03 7.808026899999999709e-17
7.146715957894460189e+03 8.159381199999999211e-17
7.150792739746339976e+03 8.320206299999999691e-17
7.154869521598219762e+03 8.609367799999999814e-17
7.158946303450109554e+03 8.495020700000000698e-17
7.163023085301990250e+03 8.641892199999999401e-17
7.167099867153870036e+03 9.036793700000000627e-17
7.171176649005759828e+03 8.695642799999999920e-17
7.175253430857639614e+03 7.936206899999999901e-17
7.179330212709530315e+03 8.391137099999999893e-17
7.183406994561410102e+03 8.486819899999999545e-17
7.187483776413289888e+03 7.616744599999999952e-17
7.191560558265179679e+03 8.115060499999999930e-17
7.195637340117060376e+03 8.484552100000000100e-17
7.199714121968940162e+03 7.930132799999999438e-17
7.203790903820829953e+03 7.940686399999999523e-17
7.207867685672709740e+03 8.226932399999999471e-17
7.211944467524600441e+03 7.704343899999999272e-17
7.216021249376480228e+03 8.075878900000000585e-17
7.220098031228360014e+03 8.825034899999999559e-17
7.224174813080249805e+03 8.933846800000000289e-17
7.228251594932129592e+03 8.330685099999999931e-17
7.232328376784010288e+03 8.841555500000000162e-17
7.236405158635900079e+03 8.833205099999999319e-17
7.240481940487779866e+03 8.862567499999999969e-17
7.244558722339669657e+03 9.206842999999999690e-17
7.248635504191550353e+03 8.609743500000000212e-17
7.252712286043430140e+03 8.411089999999999823e-17
7.256789067895319931e+03 8.546513699999998950e-17
7.260865849747199718e+03 8.519381700000000287e-17
7.264942631599090419e+03 8.475584599999999921e-17
7.269019413450970205e+03 8.497999099999999903e-17
7.273096195302849992e+03 8.270341899999999856e-17
7.277172977154739783e+03 7.572082200000000315e-17
7.281249759006619570e+03 8.341954399999999598e-17
7.285326540858500266e+03 8.209655299999999485e-17
7.289403322710390057e+03 8.899292600000000316e-17
7.293480104562269844e+03 8.370601099999999435e-17
7.297556886414159635e+03 8.171442699999999476e-17
7.301633668266040331e+03 8.236940300000000184e-17
7.305710450117920118e+03 7.816251500000000028e-17
7.309787231969809909e+03 7.916255699999999911e-17
7.313864013821689696e+03 7.983616499999999445e-17
7.317940795673570392e+03 7.433285699999999776e-17
7.322017577525460183e+03 7.884924700000000428e-17
7.326094359377339970e+03 8.201129799999999846e-17
7.330171141229229761e+03 7.949167699999999478e-17
7.334247923081109548e+03 9.569391800000000246e-17
7.338324704933000248e+03 8.777504599999999313e-17
7.342401486784880035e+03 8.852359000000000121e-17
7.346478268636759822e+03 9.585570699999999259e-17
7.350555050488639608e+03 8.835726199999999752e-17
7.354631832340530309e+03 8.507799599999999252e-17
7.358708614192410096e+03 8.126698700000000232e-17
7.362785396044299887e+03 7.715642100000000392e-17
7.366862177896179674e+03 7.998076699999999500e-17
7.370938959748060370e+03 8.836559200000000154e-17
7.375015741599950161e+03 8.559569700000000123e-17
7.379092523451829948e+03 8.007926499999999588e-17
7.383169305303719739e+03 7.819609000000000744e-17
7.387246087155600435e+03 8.017851099999999520e-17
7.391322869007480222e+03 7.971325499999999824e-17
7.395399650859370013e+03 7.821081199999999709e-17
7.399476432711249799e+03 8.056147000000000309e-17
7.403553214563139591e+03 8.393459299999999897e-17
7.407629996415020287e+03 7.842783399999999991e-17
7.411706778266900074e+03 8.044464599999999090e-17
7.415783560118789865e+03 7.659757999999999421e-17
7.419860341970669651e+03 7.785620899999999429e-17
7.423937123822560352e+03 8.734894099999999288e-17
7.428013905674440139e+03 8.135691699999999519e-17
7.432090687526319925e+03 8.329127900000000246e-17
7.436167469378209717e+03 7.916840499999999147e-17
7.440244251230090413e+03 8.326188599999999672e-17
7.444321033081970199e+03 8.715221700000000625e-17
7.448397814933859991e+03 8.593950500000000007e-17
7.452474596785739777e+03 7.849891099999999992e-17
7.456551378637629568e+03 8.183318900000000069e-17
7.460628160489510265e+03 8.337636399999999248e-17
7.464704942341390051e+03 8.487649500000000067e-17
7.468781724193279842e+03 9.162338700000000678e-17
7.472858506045159629e+03 8.257853699999999747e-17
7.476935287897040325e+03 7.857816499999999699e-17
7.481012069748930116e+03 8.944167499999999905e-17
7.485088851600809903e+03 8.523832299999999689e-17
7.489165633452699694e+03 8.283523699999999088e-17
7.493242415304580391e+03 8.838843999999999003e-17
7.497319197156460177e+03 8.170466899999999146e-17
7.501395979008349968e+03 7.910819099999999303e-17
7.505472760860229755e+03 7.909246600000000154e-17
7.509549542712119546e+03 7.435323999999999865e-17
7.513626324564000242e+03 7.146140399999999283e-17
7.517703106415880029e+03 7.581311499999999952e-17
7.521779888267769820e+03 7.144652899999999621e-17
7.525856670119649607e+03 6.975744300000000042e-17
7.529933451971530303e+03 7.118982900000000281e-17
7.534010233823420094e+03 7.088971099999998960e-17
7.538087015675299881e+03 7.849984599999999182e-17
7.542163797527189672e+03 7.602002199999999921e-17
7.546240579379070368e+03 7.786321299999999546e-17
7.550317361230950155e+03 8.420074500000000640e-17
7.554394143082839946e+03 8.400776099999999969e-17
7.558470924934719733e+03 7.733915399999999994e-17
7.562547706786600429e+03 7.709149799999999787e-17
7.566624488638490220e+03 7.566366800000000845e-17
7.570701270490370007e+03 8.032608800000000247e-17
7.574778052342259798e+03 8.797857000000000039e-17
7.578854834194139585e+03 7.535006899999999909e-17
7.582931616046020281e+03 7.788793099999999241e-17
7.587008397897910072e+03 7.794848500000000359e-17
7.591085179749789859e+03 7.877978499999999700e-17
7.595161961601669645e+03 8.631450799999999083e-17
7.599238743453560346e+03 8.846886699999999531e-17
7.603315525305440133e+03 8.096175200000000812e-17
7.607392307157329924e+03 1.055702549999999986e-16
7.611469089009209711e+03 8.821456399999999190e-17
7.615545870861090407e+03 8.307473299999999529e-17
7.619622652712980198e+03 8.194899299999999931e-17
7.623699434564859985e+03 7.714035599999998735e-17
7.627776216416749776e+03 8.226588999999999175e-17
7.631852998268629563e+03 7.868006299999998969e-17
7.635929780120510259e+03 9.612765600000000649e-17
7.640006561972400050e+03 8.978949499999999294e-17
7.644083343824279837e+03 7.693628799999999914e-17
7.648160125676169628e+03 8.010405100000000277e-17
7.652236907528050324e+03 8.308156699999999009e-17
7.656313689379930111e+03 8.216288700000000077e-17
7.660390471231819902e+03 8.413738599999999487e-17
7.664467253083699688e+03 7.999227599999999860e-17
7.668544034935580385e+03 8.463376899999999847e-17
7.672620816787470176e+03 7.160488399999999570e-17
7.676697598639349962e+03 7.363311999999999327e-17
7.680774380491229749e+03 7.765141000000000704e-17
7.684851162343120450e+03 6.720814000000000113e-17
7.688927944195000237e+03 7.167647099999999018e-17
7.693004726046890028e+03 8.381248199999998710e-17
7.697081507898769814e+03 7.690196499999999353e-17
7.701158289750649601e+03 5.752696299999999707e-17
7.705235071602540302e+03 6.721840799999999889e-17
7.709311853454420088e+03 7.241267299999999920e-17
7.713388635306299875e+03 4.912381199999999771e-17
7.717465417158189666e+03 4.260317299999999769e-17
7.721542199010070362e+03 4.271754899999999703e-17
7.725618980861960154e+03 7.467809299999999588e-17
7.729695762713839940e+03 8.829779599999999753e-17
7.733772544565729731e+03 7.383710299999999678e-17
7.737849326417610428e+03 7.635442899999999457e-17
7.741926108269490214e+03 7.368310000000000508e-17
7.746002890121380005e+03 6.458903499999999414e-17
7.750079671973259792e+03 4.794666399999999680e-17
7.754156453825139579e+03 4.578205400000000012e-17
7.758233235677030279e+03 7.083250599999999669e-17
7.762310017528910066e+03 8.839972800000000137e-17
7.766386799380799857e+03 8.380671899999999176e-17
7.770463581232679644e+03 8.429383699999999943e-17
7.774540363084560340e+03 8.193245199999999942e-17
7.778617144936450131e+03 1.008751440000000035e-16
7.782693926788329918e+03 8.869695600000000489e-17
7.786770708640209705e+03 9.118249199999999462e-17
7.790847490492100405e+03 1.033672590000000092e-16
7.794924272343980192e+03 9.598225499999998463e-17
7.799001054195869983e+03 9.776297100000000001e-17
7.803077836047749770e+03 8.784205999999999988e-17
7.807154617899629557e+03 8.668505700000000203e-17
7.811231399751520257e+03 8.732245499999999624e-17
7.815308181603400044e+03 7.693390799999999623e-17
7.819384963455279831e+03 7.972746699999999343e-17
7.823461745307169622e+03 8.206025799999999669e-17
7.827538527159050318e+03 8.594081399999999119e-17
7.831615309010940109e+03 8.515589000000000025e-17
7.835692090862819896e+03 9.254621499999999871e-17
7.839768872714699683e+03 1.050021829999999918e-16
7.843845654566590383e+03 9.626498200000000308e-17
7.847922436418470170e+03 1.035859470000000030e-16
7.851999218270359961e+03 8.099247099999999207e-17
7.856076000122239748e+03 9.028113500000000244e-17
7.860152781974120444e+03 1.060534290000000089e-16
7.864229563826010235e+03 9.968946199999998718e-17
7.868306345677890022e+03 8.826935499999999542e-17
7.872383127529769808e+03 8.140823999999999693e-17
7.876459909381659600e+03 7.281628699999999844e-17
7.880536691233540296e+03 6.898530299999999307e-17
7.884613473085430087e+03 8.025983900000000590e-17
7.888690254937309874e+03 9.358770300000000014e-17
7.892767036789189660e+03 8.439085599999999049e-17
7.896843818641080361e+03 1.062075170000000099e-16
7.900920600492960148e+03 1.200831209999999960e-16
7.904997382344849939e+03 1.194809639999999999e-16
7.909074164196729726e+03 1.201903229999999878e-16
7.913150946048610422e+03 1.250355100000000013e-16
7.917227727900500213e+03 1.287968789999999924e-16
7.921304509752380000e+03 1.180321559999999934e-16
7.925381291604269791e+03 9.604211200000000790e-17
7.929458073456149577e+03 8.104078500000000061e-17
7.933534855308030274e+03 7.751653199999999866e-17
7.937611637159910060e+03 8.667279999999999998e-17
7.941688419011799851e+03 9.394016400000000402e-17
7.945765200863679638e+03 8.833235699999999480e-17
7.949841982715570339e+03 8.618053100000000019e-17
7.953918764567450125e+03 8.531030099999998999e-17
7.957995546419329912e+03 7.401339299999999664e-17
7.962072328271219703e+03 7.033790800000000452e-17
7.966149110123100400e+03 7.451451899999999432e-17
7.970225891974990191e+03 7.716685899999999572e-17
7.974302673826869977e+03 8.267904100000000204e-17
7.978379455678749764e+03 7.563400299999999991e-17
7.982456237530639555e+03 6.392838099999998875e-17
7.986533019382520251e+03 6.384912700000000401e-17
7.990609801234400038e+03 7.981030800000000043e-17
7.994686583086289829e+03 8.696571000000000685e-17
7.998763364938169616e+03 8.170448199999999801e-17
8.002840146790060317e+03 8.354327000000000058e-17
8.006916928641940103e+03 8.045025600000000392e-17
8.010993710493829894e+03 7.294897199999999736e-17
8.015070492345709681e+03 7.512643400000000606e-17
8.019147274197590377e+03 8.514715199999999819e-17
8.023224056049480168e+03 8.729013800000000664e-17
8.027300837901359955e+03 8.885565099999999247e-17
8.031377619753239742e+03 8.623695399999999584e-17
8.035454401605130442e+03 9.147574199999998957e-17
8.039531183457010229e+03 8.065245399999999601e-17
8.043607965308900020e+03 7.339170299999999452e-17
8.047684747160779807e+03 8.431306400000000384e-17
8.051761529012659594e+03 7.990124099999999514e-17
8.055838310864540290e+03 6.664550799999998864e-17
8.059915092716430081e+03 7.738603999999999687e-17
8.063991874568309868e+03 8.468481999999999741e-17
8.068068656420199659e+03 8.216717099999999861e-17
8.072145438272080355e+03 8.465607299999999369e-17
8.076222220123970146e+03 8.645647499999999740e-17
8.080299001975849933e+03 8.596570199999999450e-17
8.084375783827729720e+03 8.701252799999999384e-17
8.088452565679620420e+03 8.448134699999998835e-17
8.092529347531500207e+03 8.092872099999999424e-17
8.096606129383389998e+03 7.427884799999999150e-17
8.100682911235269785e+03 7.219155400000000431e-17
8.104759693087149572e+03 8.196686000000000205e-17
8.108836474939040272e+03 7.962755799999999268e-17
8.112913256790920059e+03 8.565902200000000162e-17
8.116990038642799846e+03 8.443509000000000637e-17
8.121066820494689637e+03 7.298609999999999099e-17
8.125143602346570333e+03 7.931953499999999753e-17
8.129220384198450120e+03 8.038283399999999914e-17
8.133297166050339911e+03 7.712656900000000193e-17
8.137373947902219697e+03 7.242435199999999684e-17
8.141450729754110398e+03 7.480013599999999781e-17
8.145527511605990185e+03 7.297025599999999134e-17
8.149604293457869971e+03 7.897316000000000233e-17
8.153681075309759763e+03 8.203001499999999607e-17
8.157757857161639549e+03 8.328439399999999712e-17
8.161834639013530250e+03 8.021735600000000264e-17
8.165911420865410037e+03 7.528903900000000459e-17
8.169988202717289823e+03 7.696819700000000303e-17
8.174064984569179614e+03 8.051335999999999973e-17
8.178141766421060311e+03 7.736856399999999276e-17
8.182218548272940097e+03 7.436367800000000278e-17
8.186295330124829889e+03 7.941286499999999456e-17
8.190372111976709675e+03 8.411821000000000101e-17
8.194448893828599466e+03 8.233334600000000767e-17
8.198525675680479253e+03 7.370934799999999773e-17
8.202602457532360859e+03 7.404509800000000767e-17
8.206679239384249740e+03 8.080642299999998891e-17
8.210756021236129527e+03 7.830366599999999846e-17
8.214832803088020228e+03 7.510186899999999143e-17
8.218909584939900014e+03 7.130690800000000607e-17
8.222986366791779801e+03 6.801181500000000082e-17
8.227063148643670502e+03 7.375909000000000555e-17
8.231139930495550288e+03 7.779466899999999300e-17
8.235216712347430075e+03 7.718933299999999732e-17
8.239293494199320776e+03 7.238693500000000100e-17
8.243370276051200563e+03 7.222008000000000344e-17
8.247447057903080349e+03 8.023131299999999444e-17
8.251523839754969231e+03 7.766402399999999658e-17
8.255600621606850837e+03 7.497297499999999530e-17
8.259677403458739718e+03 7.546775999999999324e-17
8.263754185310619505e+03 6.906824599999999649e-17
8.267830967162510206e+03 6.725584200000000646e-17
8.271907749014389992e+03 6.421845199999999646e-17
8.275984530866269779e+03 6.758181699999998904e-17
8.280061312718160480e+03 8.019860499999999389e-17
8.284138094570040266e+03 7.435993799999999821e-17
8.288214876421920053e+03 7.015315199999999308e-17
8.292291658273810754e+03 8.401857300000000305e-17
8.296368440125690540e+03 9.376484299999999487e-17
8.300445221977570327e+03 8.715940800000000087e-17
8.304522003829459209e+03 7.527956999999999116e-17
8.308598785681340814e+03 7.041078699999999071e-17
8.312675567533229696e+03 7.763857500000000059e-17
8.316752349385109483e+03 8.650774700000000093e-17
8.320829131236989269e+03 7.724204999999999953e-17
8.324905913088879970e+03 6.987589900000000475e-17
8.328982694940759757e+03 5.047888200000000294e-17
8.333059476792650457e+03 5.141428999999999792e-17
8.337136258644530244e+03 8.515866100000000179e-17
8.341213040496410031e+03 7.764561300000000056e-17
8.345289822348300731e+03 7.743989599999999616e-17
8.349366604200180518e+03 8.402125899999999524e-17
8.353443386052060305e+03 6.329815700000000208e-17
8.357520167903949186e+03 7.556217800000000145e-17
8.361596949755830792e+03 7.505416699999999843e-17
8.365673731607719674e+03 6.534934299999999689e-17
8.369750513459599460e+03 7.108425899999999082e-17
8.373827295311479247e+03 6.917590699999999686e-17
8.377904077163369948e+03 8.223688799999999696e-17
8.381980859015249735e+03 7.691932200000000182e-17
8.386057640867129521e+03 5.422807899999999521e-17
8.390134422719020222e+03 6.385424399999999732e-17
8.394211204570900009e+03 8.524877800000000043e-17
8.398287986422790709e+03 7.839218499999999145e-17
8.402364768274670496e+03 6.655304499999999822e-17
8.406441550126550283e+03 8.537202799999999706e-17
8.410518331978439164e+03 7.541878299999999560e-17
8.414595113830320770e+03 5.753243699999999021e-17
8.418671895682209652e+03 5.916703799999999641e-17
8.422748677534089438e+03 7.209812199999999853e-17
8.426825459385969225e+03 7.364767200000000120e-17
8.430902241237859926e+03 6.163526800000000073e-17
8.434979023089739712e+03 6.277712399999999916e-17
8.439055804941619499e+03 7.368464699999998786e-17
8.443132586793510200e+03 7.757451900000000115e-17
8.447209368645389986e+03 7.385743499999999946e-17
8.451286150497280687e+03 6.672562899999999231e-17
8.455362932349160474e+03 6.530594200000000114e-17
8.459439714201040260e+03 8.295785799999999721e-17
8.463516496052929142e+03 9.140480099999999712e-17
8.467593277904810748e+03 7.349326099999999913e-17
8.471670059756690534e+03 6.866007600000000893e-17
8.475746841608579416e+03 7.852492100000000091e-17
8.479823623460459203e+03 8.303668699999999684e-17
8.483900405312349903e+03 8.714536599999999972e-17
8.487977187164229690e+03 7.875494799999999190e-17
8.492053969016109477e+03 6.311952099999999813e-17
8.496130750868000177e+03 6.465336299999999638e-17
8.500207532719879964e+03 7.533587400000000331e-17
8.504284314571770665e+03 7.565991099999999215e-17
8.508361096423650451e+03 7.043125500000000095e-17
8.512437878275530238e+03 7.580502299999999948e-17
8.516514660127419120e+03 8.381924799999999660e-17
8.520591441979300726e+03 7.395736099999999962e-17
8.524668223831180512e+03 6.670629999999999148e-17
8.528745005683069394e+03 7.734739899999999461e-17
8.532821787534949181e+03 7.339046200000000101e-17
8.536898569386839881e+03 6.956379599999999229e-17
8.540975351238719668e+03 6.500198199999999925e-17
8.545052133090599455e+03 7.667166599999999975e-17
8.549128914942490155e+03 6.801949900000000282e-17
8.553205696794369942e+03 6.734269499999999617e-17
8.557282478646249729e+03 8.301666099999999578e-17
8.561359260498140429e+03 8.551470899999999094e-17
8.565436042350020216e+03 7.442455499999999032e-17
8.569512824201909098e+03 7.009995899999999522e-17
8.573589606053790703e+03 6.230826400000000519e-17
8.577666387905670490e+03 5.920268700000000487e-17
8.581743169757559372e+03 6.508721999999999624e-17
8.585819951609439158e+03 6.753695399999999520e-17
8.589896733461329859e+03 7.261660500000000450e-17
8.593973515313209646e+03 7.541177899999999443e-17
8.598050297165089432e+03 7.167677699999999178e-17
8.602127079016980133e+03 6.765534200000000190e-17
8.606203860868859920e+03 7.913270499999999712e-17
8.610280642720750620e+03 9.109439799999999907e-17
8.614357424572630407e+03 7.772087199999998967e-17
8.618434206424510194e+03 6.335650099999999207e-17
8.622510988276400894e+03 6.203745400000000069e-17
8.626587770128280681e+03 6.671077099999999510e-17
8.630664551980160468e+03 7.537194799999999688e-17
8.634741333832049349e+03 8.674809300000000022e-17
8.638818115683929136e+03 9.641323900000001118e-17
8.642894897535810742e+03 8.733661599999999322e-17
8.646971679387699623e+03 7.696719400000000119e-17
8.651048461239579410e+03 7.370125599999999770e-17
8.655125243091470111e+03 6.826727399999998839e-17
8.659202024943349898e+03 5.946079799999999815e-17
8.663278806795229684e+03 7.197800000000000327e-17
8.667355588647120385e+03 8.798287099999999764e-17
8.671432370499000172e+03 8.302145500000000041e-17
8.675509152350890872e+03 9.096089699999999175e-17
8.679585934202770659e+03 7.303188100000000198e-17
8.683662716054650446e+03 7.531040799999999559e-17
8.687739497906539327e+03 8.287440499999999933e-17
8.691816279758419114e+03 7.484994599999999093e-17
8.695893061610300720e+03 6.989577199999999885e-17
8.699969843462189601e+03 7.205458499999999522e-17
8.704046625314069388e+03 6.977889700000000077e-17
8.708123407165960089e+03 7.788009399999999577e-17
8.712200189017839875e+03 8.240238300000000518e-17
8.716276970869730576e+03 6.859771999999999925e-17
8.720353752721610363e+03 6.620957699999999980e-17
8.724430534573490149e+03 7.427243899999999414e-17
8.728507316425380850e+03 7.089771800000000493e-17
8.732584098277260637e+03 6.850561399999999633e-17
8.736660880129140423e+03 7.200615200000000318e-17
8.740737661981029305e+03 6.463146699999999919e-17
8.744814443832909092e+03 5.017476900000000025e-17
8.748891225684799792e+03 6.289192499999999594e-17
8.752968007536679579e+03 8.387069000000000650e-17
8.757044789388559366e+03 7.169802699999999928e-17
8.761121571240450066e+03 6.878512799999999174e-17
8.765198353092329853e+03 8.189122700000000140e-17
8.769275134944209640e+03 9.109761099999999745e-17
8.773351916796100340e+03 8.761776200000000542e-17
8.777428698647980127e+03 6.881710499999999325e-17
8.781505480499870828e+03 5.577698300000000201e-17
8.785582262351750614e+03 5.360791899999999496e-17
8.789659044203630401e+03 6.007563700000000607e-17
8.793735826055519283e+03 7.208598399999999232e-17
8.797812607907400889e+03 8.173045800000000019e-17
8.801889389759289770e+03 6.472353900000000330e-17
8.805966171611169557e+03 6.777067000000000487e-17
8.810042953463049344e+03 9.002047399999999988e-17
8.814119735314940044e+03 1.018604470000000009e-16
8.818196517166819831e+03 9.123918699999999306e-17
8.822273299018699618e+03 1.188492269999999799e-16
8.826350080870590318e+03 7.737437799999999863e-17
8.830426862722470105e+03 3.206024900000000059e-17
8.834503644574349892e+03 3.496631399999999484e-17
8.838580426426240592e+03 7.652051899999999428e-17
8.842657208278120379e+03 1.060749169999999957e-16
8.846733990130009261e+03 9.052729499999999528e-17
8.850810771981890866e+03 6.811170700000000217e-17
8.854887553833770653e+03 7.305153300000000382e-17
8.858964335685659535e+03 6.885644299999999574e-17
8.863041117537539321e+03 5.263891899999999957e-17
8.867117899389419108e+03 7.405237399999999931e-17
8.871194681241309809e+03 9.690963900000000185e-17
8.875271463093189595e+03 1.089370880000000053e-16
8.879348244945080296e+03 1.156964410000000063e-16
8.883425026796960083e+03 9.727763800000000377e-17
8.887501808648839869e+03 9.104086499999998846e-17
8.891578590500730570e+03 7.733148699999999734e-17
8.895655372352610357e+03 7.944366900000000017e-17
8.899732154204499238e+03 8.096076600000000568e-17
8.903808936056380844e+03 7.152257000000000722e-17
8.907885717908260631e+03 6.379647799999999942e-17
8.911962499760149512e+03 6.864972300000000182e-17
8.916039281612029299e+03 5.704550600000000064e-17
8.920116063463910905e+03 2.562603800000000209e-17
8.924192845315799786e+03 2.174119800000000051e-17
8.928269627167679573e+03 3.914666500000000154e-17
8.932346409019570274e+03 6.741241199999999452e-17
8.936423190871450061e+03 7.851334399999999970e-17
8.940499972723329847e+03 7.187566000000000139e-17
8.944576754575220548e+03 5.040144699999999762e-17
8.948653536427100335e+03 5.422479799999999921e-17
8.952730318278980121e+03 7.065454999999999356e-17
8.956807100130870822e+03 7.813626700000000763e-17
8.960883881982750609e+03 1.110570049999999960e-16
8.964960663834639490e+03 1.134295080000000010e-16
8.969037445686519277e+03 8.033554000000000417e-17
8.973114227538409978e+03 8.021426199999998777e-17
8.977191009390289764e+03 7.953463600000000602e-17
8.981267791242169551e+03 7.213555599999999377e-17
8.985344573094060252e+03 9.134604899999999677e-17
8.989421354945940038e+03 1.068484510000000035e-16
8.993498136797819825e+03 9.750645800000000006e-17
8.997574918649710526e+03 9.908147399999998579e-17
9.001651700501590312e+03 9.860678299999999886e-17
9.005728482353479194e+03 9.084230499999999219e-17
9.009805264205360800e+03 9.519328499999998751e-17
9.013882046057240586e+03 7.933179199999999958e-17
9.017958827909129468e+03 7.320815399999999010e-17
9.022035609761009255e+03 8.360671399999999681e-17
9.026112391612890860e+03 7.103150800000000212e-17
9.030189173464779742e+03 6.640514500000000227e-17
9.034265955316659529e+03 7.268049099999999757e-17
9.038342737168550229e+03 7.570409399999999748e-17
9.042419519020430016e+03 6.812076800000000524e-17
9.046496300872309803e+03 7.529490399999999635e-17
9.050573082724200503e+03 5.912217500000000257e-17
9.054649864576080290e+03 5.409757000000000018e-17
9.058726646427960077e+03 7.333386899999999899e-17
9.062803428279850777e+03 7.761997699999999880e-17
9.066880210131730564e+03 7.680062799999999350e-17
9.070956991983619446e+03 6.590435899999999267e-17
9.075033773835499233e+03 6.280712900000000812e-17
9.079110555687380838e+03 6.681550799999999929e-17
9.083187337539269720e+03 7.349371999999999538e-17
9.087264119391149507e+03 7.581602199999999629e-17
9.091340901243029293e+03 6.735670299999999851e-17
9.095417683094919994e+03 6.619303599999999991e-17
9.099494464946799781e+03 6.760503899999998908e-17
9.103571246798690481e+03 7.236728299999999916e-17
9.107648028650570268e+03 6.838321399999999457e-17
9.111724810502450055e+03 6.870691099999999533e-17
9.115801592354340755e+03 7.017905999999999764e-17
9.119878374206220542e+03 6.929429499999999124e-17
9.123955156058109424e+03 6.728936600000000307e-17
9.128031937909989210e+03 6.276197699999999975e-17
9.132108719761870816e+03 6.094481300000000389e-17
9.136185501613759698e+03 7.209254599999999665e-17
9.140262283465639484e+03 8.249761699999999714e-17
9.144339065317519271e+03 7.742228399999999681e-17
9.148415847169409972e+03 7.200144299999999557e-17
9.152492629021289758e+03 6.590549800000000208e-17
9.156569410873180459e+03 7.245932099999999214e-17
9.160646192725060246e+03 7.059317999999999864e-17
9.164722974576940032e+03 7.881048700000000619e-17
9.168799756428830733e+03 6.929208499999999470e-17
9.172876538280710520e+03 7.703160700000000044e-17
9.176953320132599401e+03 8.345322099999999956e-17
9.181030101984479188e+03 7.315154399999998868e-17
9.185106883836360794e+03 7.321123099999999325e-17
9.189183665688249675e+03 7.769447100000000237e-17
9.193260447540129462e+03 6.908225399999999883e-17
9.197337229392020163e+03 7.016981200000000113e-17
9.201414011243899949e+03 6.343798199999999741e-17
9.205490793095779736e+03 5.528034500000000119e-17
9.209567574947670437e+03 6.186425800000000339e-17
9.213644356799550224e+03 7.009066000000000049e-17
9.217721138651430010e+03 8.673031099999999450e-17
9.221797920503320711e+03 8.300846699999999932e-17
9.225874702355200498e+03 7.915825600000000186e-17
9.229951484207080284e+03 7.101807799999999186e-17
9.234028266058969166e+03 7.271010500000000789e-17
9.238105047910850772e+03 8.787876299999999607e-17
9.242181829762739653e+03 7.930112400000000152e-17
9.246258611614619440e+03 6.076332100000000137e-17
9.250335393466499227e+03 6.037742099999999790e-17
9.254412175318389927e+03 7.723696700000000503e-17
9.258488957170269714e+03 7.788361299999999575e-17
9.262565739022149501e+03 7.224923500000000520e-17
9.266642520874040201e+03 7.670971199999999820e-17
9.270719302725919988e+03 7.054576699999999552e-17
9.274796084577810689e+03 7.390530699999999883e-17
9.278872866429690475e+03 7.790375799999999265e-17
9.282949648281570262e+03 7.493373900000000155e-17
9.287026430133459144e+03 6.832881400000000201e-17
9.291103211985340749e+03 5.920074899999999881e-17
9.295179993837229631e+03 9.187066899999999730e-17
9.299256775689109418e+03 1.186684999999999876e-16
9.303333557540989204e+03 9.825814699999999658e-17
9.307410339392879905e+03 7.730874099999999295e-17
9.311487121244759692e+03 6.219247699999999365e-17
9.315563903096650392e+03 6.721077499999999511e-17
9.319640684948530179e+03 9.390675900000000323e-17
9.323717466800409966e+03 8.790858099999999925e-17
9.327794248652300666e+03 8.603319199999999691e-17
9.331871030504180453e+03 8.011916399999999105e-17
9.335947812356060240e+03 6.357835099999999833e-17
9.340024594207949121e+03 7.175404199999999690e-17
9.344101376059830727e+03 6.560391799999999078e-17
9.348178157911719609e+03 5.763261799999999376e-17
9.352254939763599396e+03 6.579061199999999596e-17
9.356331721615479182e+03 7.150800099999999989e-17
9.360408503467369883e+03 7.509600399999999967e-17
9.364485285319249670e+03 7.316400500000000823e-17
9.368562067171140370e+03 8.077330699999999033e-17
9.372638849023020157e+03 8.798061000000000289e-17
9.376715630874899944e+03 8.302901999999999425e-17
9.380792412726790644e+03 9.566340299999999904e-17
9.384869194578670431e+03 9.222839999999998913e-17
9.388945976430550218e+03 8.391312199999999922e-17
9.393022758282439099e+03 8.540718399999999814e-17
9.397099540134320705e+03 6.910741400000000494e-17
9.401176321986200492e+03 6.473084899999999375e-17
9.405253103838089373e+03 7.834713499999999183e-17
9.409329885689969160e+03 7.913309599999999575e-17
9.413406667541859861e+03 5.732782499999999640e-17
9.417483449393739647e+03 6.898707100000000509e-17
9.421560231245630348e+03 7.442724099999999484e-17
9.425637013097510135e+03 6.975545399999999614e-17
9.429713794949389921e+03 8.167534399999999566e-17
9.433790576801280622e+03 6.510539300000000059e-17
9.437867358653160409e+03 5.707664999999999434e-17
9.441944140505040195e+03 5.321615399999999972e-17
9.446020922356930896e+03 4.646361799999999410e-17
9.450097704208810683e+03 5.967866999999999585e-17
9.454174486060690469e+03 7.340215799999999806e-17
9.458251267912579351e+03 6.484717999999999856e-17
9.462328049764459138e+03 6.255806199999999385e-17
9.466404831616349838e+03 7.267280700000000789e-17
9.470481613468229625e+03 6.682320900000000069e-17
9.474558395320109412e+03 6.660108699999999164e-17
9.478635177172000112e+03 6.754441700000000494e-17
9.482711959023879899e+03 1.013418279999999997e-16
9.486788740875770600e+03 9.524358800000000033e-17
9.490865522727650387e+03 7.142383400000000236e-17
9.494942304579530173e+03 8.040478099999999454e-17
9.499019086431420874e+03 7.856259300000000013e-17
9.503095868283300661e+03 7.264045600000000716e-17
9.507172650135180447e+03 7.767650200000000321e-17
9.511249431987069329e+03 9.495394200000000238e-17
9.515326213838949116e+03 7.522034199999999516e-17
9.519402995690839816e+03 5.956964900000000614e-17
9.523479777542719603e+03 9.114986900000000341e-17
9.527556559394599390e+03 8.466423299999999134e-17
9.531633341246490090e+03 7.341771299999999551e-17
9.535710123098369877e+03 6.682747599999999913e-17
9.539786904950249664e+03 3.537356599999999607e-17
9.543863686802140364e+03 5.819829299999999826e-17
9.547940468654020151e+03 7.250916500000000871e-17
9.552017250505910852e+03 7.945558600000000180e-17
9.556094032357790638e+03 1.036195389999999972e-16
9.560170814209670425e+03 6.729977000000000840e-17
9.564247596061559307e+03 5.587286299999999599e-17
9.568324377913439093e+03 6.884641300000000196e-17
9.572401159765320699e+03 7.215309999999999550e-17
9.576477941617209581e+03 8.812490600000000183e-17
9.580554723469089367e+03 8.479642499999999521e-17
9.584631505320980068e+03 7.417071099999999548e-17
9.588708287172859855e+03 7.332594699999999300e-17
9.592785069024739641e+03 8.834872800000000064e-17
9.596861850876630342e+03 8.363027599999999727e-17
9.600938632728510129e+03 6.612517199999999828e-17
9.605015414580400829e+03 6.130791600000000475e-17
9.609092196432280616e+03 6.808353800000000286e-17
9.613168978284160403e+03 7.441656499999999904e-17
9.617245760136049284e+03 7.955544399999999202e-17
9.621322541987930890e+03 5.287515099999999507e-17
9.625399323839810677e+03 6.276231699999998784e-17
9.629476105691699559e+03 7.710390799999999456e-17
9.633552887543579345e+03 8.693230500000000606e-17
9.637629669395470046e+03 9.506938900000000118e-17
9.641706451247349833e+03 8.621614599999999751e-17
9.645783233099229619e+03 9.554518499999999871e-17
9.649860014951120320e+03 9.503098600000000291e-17
9.653936796803000107e+03 7.951025799999999716e-17
9.658013578654879893e+03 8.522871800000000055e-17
9.662090360506770594e+03 7.908121200000000133e-17
9.666167142358650381e+03 6.160703100000000380e-17
9.670243924210539262e+03 7.228049799999999474e-17
9.674320706062420868e+03 8.925266899999998858e-17
9.678397487914309750e+03 7.695770800000000068e-17
9.682474269766189536e+03 7.194733200000000521e-17
9.686551051618069323e+03 8.247992000000000077e-17
9.690627833469960024e+03 9.766392900000000587e-17
9.694704615321839810e+03 8.383199799999999371e-17
9.698781397173719597e+03 7.795778399999999832e-17
9.702858179025610298e+03 1.042600650000000051e-16
9.706934960877490084e+03 1.161777619999999952e-16
9.711011742729380785e+03 1.158357050000000090e-16
9.715088524581260572e+03 1.194631649999999948e-16
9.719165306433140358e+03 1.374462240000000142e-16
9.723242088285029240e+03 1.315492469999999904e-16
9.727318870136910846e+03 1.141403119999999753e-16
9.731395651988790632e+03 1.007792299999999983e-16
9.735472433840679514e+03 8.085220399999999990e-17
9.739549215692559301e+03 7.414898500000000466e-17
9.743625997544450001e+03 8.004900499999999586e-17
9.747702779396329788e+03 9.568798500000000075e-17
9.751779561248209575e+03 8.582737299999999608e-17
9.755856343100100275e+03 7.589321899999999146e-17
9.759933124951980062e+03 8.018044899999998895e-17
9.764009906803859849e+03 9.889114199999999712e-17
9.768086688655750550e+03 9.179371000000000612e-17
9.772163470507630336e+03 5.125156599999999740e-17
9.776240252359519218e+03 3.835488999999999791e-17
9.780317034211400824e+03 4.160034299999999792e-17
9.784393816063280610e+03 7.016670099999999917e-17
9.788470597915169492e+03 9.987391199999999701e-17
9.792547379767049279e+03 7.493166500000000025e-17
9.796624161618939979e+03 4.786553999999999745e-17
9.800700943470819766e+03 3.751770799999999484e-17
9.804777725322699553e+03 5.403098099999999703e-17
9.808854507174590253e+03 7.245690700000000275e-17
9.812931289026470040e+03 8.211464099999998985e-17
9.817008070878349827e+03 8.073854200000000020e-17
9.821084852730240527e+03 7.956698699999999442e-17
9.825161634582120314e+03 7.750432599999999482e-17
9.829238416434009196e+03 6.961651299999999450e-17
9.833315198285890801e+03 7.586141199999999633e-17
9.837391980137770588e+03 8.425973499999999841e-17
9.841468761989659470e+03 7.420863799999999810e-17
9.845545543841539256e+03 8.305508099999999345e-17
9.849622325693420862e+03 9.088354700000000194e-17
9.853699107545309744e+03 1.034263169999999989e-16
9.857775889397189530e+03 8.244935399999999914e-17
9.861852671249080231e+03 3.667117599999999883e-17
9.865929453100960018e+03 8.454419599999999310e-17
9.870006234952839804e+03 1.072147669999999905e-16
9.874083016804730505e+03 7.943020500000000343e-17
9.878159798656610292e+03 7.075442499999999551e-17
9.882236580508499173e+03 7.379387199999999508e-17
9.886313362360380779e+03 9.088041900000000058e-17
9.890390144212260566e+03 6.074530099999999166e-17
9.894466926064149447e+03 4.587045399999999728e-17
9.898543707916029234e+03 7.710621999999999985e-17
9.902620489767919935e+03 8.799963300000000211e-17
9.906697271619799722e+03 1.017137369999999879e-16
9.910774053471679508e+03 1.139843710000000022e-16
9.914850835323570209e+03 9.252232999999999724e-17
9.918927617175449996e+03 6.806420900000000202e-17
9.923004399027329782e+03 6.718503699999999692e-17
9.927081180879220483e+03 7.534571700000000363e-17
9.931157962731100270e+03 7.291186100000000314e-17
9.935234744582989151e+03 7.653194300000000085e-17
9.939311526434870757e+03 1.064669540000000061e-16
9.943388308286750544e+03 1.392039559999999966e-16
9.947465090138639425e+03 8.360256599999999420e-17
9.951541871990519212e+03 3.758465399999999781e-17
9.955618653842400818e+03 5.966710999999999404e-17
9.959695435694289699e+03 6.069783700000000265e-17
9.963772217546169486e+03 5.858471999999999560e-17
9.967848999398049273e+03 1.077416819999999845e-16
9.971925781249939973e+03 1.136302779999999938e-16
