9.375878906250020009e+03 -2.158761930000000180e-17
9.382810501098649183e+03 3.674696999999999638e-17
9.389742095947289272e+03 1.207935300000000044e-17
9.396673690795920265e+03 2.473440840000000073e-17
9.403605285644549440e+03 7.392165299999999685e-17
9.410536880493180433e+03 7.942349999999999034e-17
9.417468475341820522e+03 9.859079100000000367e-17
9.424400070190449696e+03 2.068788540000000041e-17
9.431331665039080690e+03 1.339965510000000047e-17
9.438263259887720778e+03 4.185230399999999990e-18
9.445194854736349953e+03 -3.133558350000000023e-18
9.452126449584979127e+03 2.068544790000000169e-17
9.459058044433619216e+03 1.905343440000000109e-17
9.465989639282250209e+03 3.371267639999999885e-17
9.472921234130879384e+03 7.496295299999999762e-17
9.479852828979510377e+03 4.441745099999999423e-17
9.486784423828139552e+03 5.254290600000000119e-17
9.493716018676779640e+03 8.017237799999999253e-17
9.500647613525410634e+03 4.543578000000000030e-17
9.507579208374039808e+03 2.719023449999999814e-17
9.514510803222679897e+03 5.399397899999999427e-17
9.521442398071310890e+03 4.200557399999999817e-17
9.528373992919940065e+03 1.167696269999999806e-16
9.535305587768569239e+03 4.925575200000000134e-17
9.542237182617209328e+03 5.965517999999999722e-17
9.549168777465840321e+03 -1.402629929999999927e-17
9.556100372314469496e+03 1.671143760000000013e-17
9.563031967163109584e+03 7.540622699999999623e-18
9.569963562011740578e+03 3.605183789999999900e-17
9.576895156860369752e+03 5.858443499999999760e-17
9.583826751709000746e+03 4.978775100000000331e-17
9.590758346557640834e+03 3.759683070000000223e-17
9.597689941406270009e+03 1.301707679999999948e-17
9.604621536254899183e+03 2.791072439999999966e-17
9.611553131103539272e+03 5.011043699999999996e-17
9.618484725952170265e+03 -8.859122999999998894e-18
9.625416320800799440e+03 5.875443600000000314e-17
9.632347915649439528e+03 5.546135399999999452e-17
9.639279510498070522e+03 4.590502800000000207e-17
9.646211105346699696e+03 3.568995300000000021e-17
9.653142700195330690e+03 4.139647200000000136e-17
9.660074295043970778e+03 2.712709349999999729e-17
9.667005889892599953e+03 6.040433099999999709e-17
9.673937484741229127e+03 6.263368800000000562e-17
9.680869079589860121e+03 5.021710199999999970e-17
9.687800674438500209e+03 4.319078399999999681e-18
9.694732269287129384e+03 -2.238478709999999723e-18
9.701663864135760377e+03 2.429130599999999970e-17
9.708595458984389552e+03 4.811500199999999607e-17
9.715527053833029640e+03 5.792779200000000470e-17
9.722458648681660634e+03 7.195741799999999630e-17
9.729390243530300722e+03 7.115144399999999883e-17
9.736321838378929897e+03 7.273211399999999460e-17
9.743253433227560890e+03 2.611367070000000054e-17
9.750185028076190065e+03 6.970263299999999540e-17
9.757116622924830153e+03 3.736526040000000216e-17
9.764048217773459328e+03 4.245411300000000104e-17
9.770979812622090321e+03 7.175454000000000338e-17
9.777911407470730410e+03 6.907208099999999629e-17
9.784843002319359584e+03 6.583270199999999848e-17
9.791774597167990578e+03 1.619646599999999971e-17
9.798706192016619752e+03 -1.440211109999999948e-17
9.805637786865259841e+03 3.986759400000000178e-17
9.812569381713890834e+03 4.194231599999999434e-17
9.819500976562520009e+03 1.112594730000000011e-17
9.826432571411160097e+03 8.895330599999999351e-18
9.833364166259789272e+03 3.863715960000000207e-17
9.840295761108420265e+03 6.450931499999999962e-17
9.847227355957049440e+03 4.814249700000000087e-17
9.854158950805689528e+03 2.116801830000000030e-17
9.861090545654320522e+03 -1.306881419999999952e-17
9.868022140502949696e+03 6.287221199999999768e-17
9.874953735351589785e+03 5.773224600000000073e-17
9.881885330200220778e+03 1.462667310000000064e-17
9.888816925048849953e+03 5.882385600000000320e-17
9.895748519897479127e+03 1.476821189999999962e-17
9.902680114746119216e+03 5.559765899999998881e-17
9.909611709594750209e+03 3.747565769999999774e-17
9.916543304443379384e+03 2.313034620000000081e-17
9.923474899292010377e+03 5.201515799999999931e-17
9.930406494140650466e+03 5.585884199999999846e-17
9.937338088989279640e+03 3.836818439999999610e-17
9.944269683837910634e+03 2.953511730000000151e-17
9.951201278686550722e+03 4.987538399999999435e-17
9.958132873535179897e+03 3.325126349999999357e-17
9.965064468383810890e+03 2.889977999999999522e-17
9.971996063232440065e+03 2.139678059999999687e-17
9.978927658081080153e+03 6.088711200000000660e-17
9.985859252929709328e+03 4.240009800000000080e-17
9.992790847778340321e+03 6.043069500000000091e-17
9.999722442626980410e+03 4.314694800000000079e-17
1.000665403747560049e+04 1.324528140000000007e-17
1.001358563232420056e+04 4.772855099999999812e-17
1.002051722717290068e+04 6.811529399999999978e-17
1.002744882202150075e+04 3.824593110000000146e-17
1.003438041687010082e+04 4.968810599999999694e-17
1.004131201171879911e+04 5.417435399999999205e-17
1.004824360656739918e+04 6.310831799999999614e-17
1.005517520141599925e+04 7.447245000000000774e-17
1.006210679626469937e+04 4.964887199999999914e-17
1.006903839111329944e+04 8.531706299999999529e-17
1.007596998596189951e+04 9.174461400000000032e-17
1.008290158081059963e+04 8.486204999999998826e-17
1.008983317565919970e+04 6.978554699999999911e-17
1.009676477050779977e+04 8.260071300000000588e-17
1.010369636535649988e+04 5.964039899999998861e-17
1.011062796020509995e+04 7.849108800000000569e-17
1.011755955505370002e+04 -3.997730100000000326e-18
1.012449114990240014e+04 4.229093699999999932e-17
1.013142274475100021e+04 2.165948850000000118e-17
1.013835433959960028e+04 6.789747900000000661e-17
1.014528593444830040e+04 4.107479999999999964e-17
1.015221752929690047e+04 3.107857349999999716e-17
1.015914912414550054e+04 6.180439200000000146e-17
1.016608071899420065e+04 4.167282599999999871e-17
1.017301231384280072e+04 9.879351300000000496e-17
1.017994390869140079e+04 6.861827699999999839e-17
1.018687550354010091e+04 4.188311400000000105e-17
1.019380709838869916e+04 6.777267900000000555e-17
1.020073869323729923e+04 5.178396599999999620e-17
1.020767028808599935e+04 4.307678699999999734e-17
1.021460188293459942e+04 3.576949739999999602e-17
1.022153347778319949e+04 4.504928999999999828e-17
1.022846507263189960e+04 6.758883300000000284e-17
1.023539666748049967e+04 3.624328890000000068e-17
1.024232826232909974e+04 2.083944720000000121e-17
1.024925985717779986e+04 3.303703259999999680e-17
1.025619145202639993e+04 4.498595399999999863e-17
1.026312304687500000e+04 9.547203899999999649e-17
1.027005464172370012e+04 7.573932600000000460e-17
1.027698623657230019e+04 5.524049700000000424e-17
1.028391783142090026e+04 5.529072899999999779e-17
1.029084942626960037e+04 7.229597699999999847e-17
1.029778102111820044e+04 1.503315449999999935e-17
1.030471261596680051e+04 7.579517400000000517e-17
1.031164421081550063e+04 6.372943199999999596e-17
1.031857580566410070e+04 3.197326080000000045e-17
1.032550740051270077e+04 4.543297199999999679e-17
1.033243899536130084e+04 4.623964799999999975e-17
1.033937059020999914e+04 4.480733399999999919e-17
1.034630218505859921e+04 4.511660400000000032e-17
1.035323377990719928e+04 8.211340799999999244e-17
1.036016537475589939e+04 4.148964299999999742e-17
1.036709696960449946e+04 7.951460399999999863e-17
1.037402856445309953e+04 5.339591399999999729e-17
1.038096015930179965e+04 1.049928359999999959e-16
1.038789175415039972e+04 8.972472600000000107e-17
1.039482334899899979e+04 7.447911899999999526e-17
1.040175494384769991e+04 8.113520999999999770e-17
1.040868653869629998e+04 6.432195900000000023e-17
1.041561813354490005e+04 4.978829699999999869e-17
1.042254972839360016e+04 6.046368899999999434e-17
1.042948132324220023e+04 3.692176019999999903e-17
1.043641291809080030e+04 6.218296499999999043e-17
1.044334451293950042e+04 4.765959899999999763e-17
1.045027610778810049e+04 7.855902599999999893e-17
1.045720770263670056e+04 7.070111099999999971e-17
1.046413929748540068e+04 6.101678699999999278e-17
1.047107089233400075e+04 4.263850499999999913e-17
1.047800248718260082e+04 7.725658199999999874e-17
1.048493408203129911e+04 6.737339699999999304e-17
1.049186567687989918e+04 4.849989299999999754e-17
1.049879727172849925e+04 8.101902899999999053e-17
1.050572886657719937e+04 8.199816299999999671e-17
1.051266046142579944e+04 7.892367599999999490e-17
1.051959205627439951e+04 5.418843299999999516e-17
1.052652365112309963e+04 6.311752199999999565e-17
1.053345524597169970e+04 6.987914699999999683e-17
1.054038684082029977e+04 4.345500899999999896e-17
1.054731843566899988e+04 8.130166199999999632e-17
1.055425003051759995e+04 5.285201999999999836e-17
1.056118162536620002e+04 7.446386999999999942e-17
1.056811322021490014e+04 6.222286199999999582e-17
1.057504481506350021e+04 6.621618900000000745e-17
1.058197640991210028e+04 5.224361999999999472e-17
1.058890800476080040e+04 7.385195999999999911e-17
1.059583959960940047e+04 6.330363000000000033e-17
1.060277119445800054e+04 8.070441599999999857e-17
1.060970278930670065e+04 5.816608199999999698e-17
1.061663438415530072e+04 3.670927650000000225e-17
1.062356597900390079e+04 4.172438400000000128e-17
1.063049757385260091e+04 5.275081499999999551e-17
1.063742916870119916e+04 5.810816699999999631e-17
1.064436076354979923e+04 3.817585980000000058e-17
1.065129235839849935e+04 5.538386099999999595e-17
1.065822395324709942e+04 4.819417199999999717e-17
1.066515554809569949e+04 5.439072600000000096e-17
1.067208714294439960e+04 7.029254700000000420e-17
1.067901873779299967e+04 7.831589999999999479e-17
1.068595033264159974e+04 7.778897099999999829e-17
1.069288192749029986e+04 5.081902799999999919e-17
1.069981352233889993e+04 7.274588099999999595e-17
1.070674511718750000e+04 5.361014099999999796e-17
1.071367671203620012e+04 8.795166900000000452e-17
1.072060830688480019e+04 6.919497000000000121e-17
1.072753990173340026e+04 7.280403000000000872e-17
1.073447149658210037e+04 1.465872329999999969e-17
1.074140309143070044e+04 4.021574699999999488e-17
1.074833468627930051e+04 6.222839999999999468e-17
1.075526628112800063e+04 6.985644899999999365e-17
1.076219787597660070e+04 6.087396899999999644e-17
1.076912947082520077e+04 5.973048900000000197e-17
1.077606106567390088e+04 7.787777399999999438e-17
1.078299266052249914e+04 6.471562499999999340e-17
1.078992425537109921e+04 6.595902299999999194e-17
1.079685585021969928e+04 7.507258199999999865e-17
1.080378744506839939e+04 7.788073799999999568e-17
1.081071903991699946e+04 6.445225800000000225e-17
1.081765063476559953e+04 6.778691399999999413e-17
1.082458222961429965e+04 6.873118199999999633e-17
1.083151382446289972e+04 9.532676399999999632e-17
1.083844541931149979e+04 6.418042800000000884e-17
1.084537701416019991e+04 6.032169000000000339e-17
1.085230860900879998e+04 7.650095700000000088e-17
1.085924020385740005e+04 8.279875499999999927e-17
1.086617179870610016e+04 5.129034300000000106e-17
1.087310339355470023e+04 6.055705499999999227e-17
1.088003498840330030e+04 5.257722599999999748e-17
1.088696658325200042e+04 5.339064899999999611e-17
1.089389817810060049e+04 6.535070099999999645e-17
1.090082977294920056e+04 7.096635000000000141e-17
1.090776136779790068e+04 5.712326100000000381e-17
1.091469296264650075e+04 6.334208399999999681e-17
1.092162455749510082e+04 7.634296799999999219e-17
1.092855615234379911e+04 6.695496600000000892e-17
1.093548774719239918e+04 6.391409700000000406e-17
1.094241934204099925e+04 4.548870299999999747e-17
1.094935093688969937e+04 3.755243310000000028e-17
1.095628253173829944e+04 3.467540699999999467e-17
1.096321412658689951e+04 7.989801299999999946e-17
1.097014572143559963e+04 9.115138499999999671e-17
1.097707731628419970e+04 6.801919800000000032e-17
1.098400891113279977e+04 7.119988200000000230e-17
1.099094050598149988e+04 6.519766499999999334e-17
1.099787210083009995e+04 5.221589100000000247e-17
1.100480369567870002e+04 7.749510600000000313e-17
1.101173529052740014e+04 6.612391499999998793e-17
1.101866688537600021e+04 6.173290500000000131e-17
1.102559848022460028e+04 6.857440199999999676e-17
1.103253007507330040e+04 6.269690700000000538e-17
1.103946166992190047e+04 6.169811700000000547e-17
1.104639326477050054e+04 7.896747299999998838e-17
1.105332485961920065e+04 6.317855699999998925e-17
1.106025645446780072e+04 6.760092299999999551e-17
1.106718804931640079e+04 6.093711000000000038e-17
1.107411964416510091e+04 5.975080800000000945e-17
1.108105123901369916e+04 6.315230999999999149e-17
1.108798283386229923e+04 4.243593900000000181e-17
1.109491442871099935e+04 6.162323700000000237e-17
1.110184602355959942e+04 7.063017000000000726e-17
1.110877761840819949e+04 3.674865090000000115e-17
1.111570921325689960e+04 5.132497499999999910e-17
1.112264080810549967e+04 5.102689800000000176e-17
1.112957240295409974e+04 6.816763200000000367e-17
1.113650399780279986e+04 6.061224000000000374e-17
1.114343559265139993e+04 8.018247900000000557e-17
1.115036718750000000e+04 1.016446860000000003e-16
1.115729878234870012e+04 9.550124999999999556e-17
1.116423037719730019e+04 4.996582499999999505e-17
1.117116197204590026e+04 8.587651799999999798e-17
1.117809356689460037e+04 2.306197140000000141e-17
1.118502516174320044e+04 3.826254119999999581e-17
1.119195675659180051e+04 7.089123599999999853e-17
1.119888835144050063e+04 4.848413699999999807e-17
1.120581994628910070e+04 5.252636999999999424e-17
1.121275154113770077e+04 3.868982520000000442e-17
1.121968313598640088e+04 3.594976710000000068e-17
1.122661473083499914e+04 4.757438400000000020e-17
1.123354632568359921e+04 2.143089779999999910e-17
1.124047792053229932e+04 4.628200199999999665e-17
1.124740951538089939e+04 4.065683699999999659e-17
1.125434111022949946e+04 6.765735600000000168e-17
1.126127270507819958e+04 6.839121899999999548e-17
1.126820429992679965e+04 5.808074999999999966e-17
1.127513589477539972e+04 4.773447900000000073e-17
1.128206748962409984e+04 3.123445259999999942e-17
1.128899908447269991e+04 3.985874099999999578e-17
1.129593067932129998e+04 6.333588299999999651e-17
1.130286227416990005e+04 6.063864299999999314e-17
1.130979386901860016e+04 3.544441680000000081e-17
1.131672546386720023e+04 3.167538659999999717e-17
1.132365705871580030e+04 7.014083699999999162e-18
1.133058865356450042e+04 5.603165100000000134e-17
1.133752024841310049e+04 7.458434099999999842e-17
1.134445184326170056e+04 6.809454600000000297e-17
1.135138343811040068e+04 1.061449740000000006e-17
1.135831503295900075e+04 3.535005239999999848e-17
1.136524662780760082e+04 7.581241200000000529e-17
1.137217822265629911e+04 4.111025100000000307e-17
1.137910981750489918e+04 2.783608229999999860e-17
1.138604141235349925e+04 5.282358900000000061e-17
1.139297300720219937e+04 7.737763800000000334e-17
1.139990460205079944e+04 7.093265399999999632e-17
1.140683619689939951e+04 4.466650500000000097e-17
1.141376779174809963e+04 6.734227499999999784e-17
1.142069938659669970e+04 4.310186399999999620e-17
1.142763098144529977e+04 4.968350399999999718e-17
1.143456257629399988e+04 8.324230200000000482e-17
1.144149417114259995e+04 3.649669529999999838e-18
1.144842576599120002e+04 8.111200499999999706e-17
1.145535736083990014e+04 9.905812800000000314e-17
1.146228895568850021e+04 3.049093709999999935e-17
1.146922055053710028e+04 6.209650200000000445e-17
1.147615214538580040e+04 6.770013900000000023e-17
1.148308374023440047e+04 7.758277799999999823e-17
1.149001533508300054e+04 5.220040800000000069e-17
1.149694692993170065e+04 5.322552300000000034e-17
1.150387852478030072e+04 6.732332100000000344e-17
1.151081011962890079e+04 6.463937999999998954e-17
1.151774171447760091e+04 4.668136199999999882e-17
1.152467330932619916e+04 3.132281099999999716e-17
1.153160490417479923e+04 9.583064399999999613e-17
1.153853649902349935e+04 6.432698999999998931e-17
1.154546809387209942e+04 5.054240099999999798e-17
1.155239968872069949e+04 6.558435000000000339e-17
1.155933128356939960e+04 5.320426799999999991e-17
1.156626287841799967e+04 3.918240299999999891e-17
1.157319447326659974e+04 4.880959200000000032e-17
1.158012606811529986e+04 4.591247699999999707e-17
1.158705766296389993e+04 7.094361300000000033e-17
1.159398925781250000e+04 7.268465100000000048e-17
1.160092085266120012e+04 4.080803999999999937e-17
1.160785244750980019e+04 4.526160599999999665e-17
1.161478404235840026e+04 4.715392500000000156e-17
1.162171563720710037e+04 3.906684599999999526e-17
1.162864723205570044e+04 6.208530900000000066e-17
1.163557882690430051e+04 7.720810499999999736e-17
1.164251042175300063e+04 2.687169030000000004e-17
1.164944201660160070e+04 4.862137799999999763e-17
1.165637361145020077e+04 6.126798600000000777e-17
1.166330520629890088e+04 4.557009600000000262e-17
1.167023680114749914e+04 5.120863800000000030e-17
1.167716839599609921e+04 4.443328500000000184e-17
1.168409999084479932e+04 5.814576300000000182e-17
1.169103158569339939e+04 5.313632999999999434e-17
1.169796318054199946e+04 5.747644499999999831e-17
1.170489477539059953e+04 4.591563600000000025e-17
1.171182637023929965e+04 4.716503999999999721e-17
1.171875796508789972e+04 4.128777899999999944e-17
1.172568955993659984e+04 4.128949499999999987e-17
1.173262115478519991e+04 5.055417900000000122e-17
1.173955274963379998e+04 4.435824900000000094e-17
1.174648434448240005e+04 4.020962400000000273e-17
1.175341593933110016e+04 4.840044299999999920e-17
1.176034753417970023e+04 4.226246699999999750e-17
1.176727912902830030e+04 4.198205699999999577e-17
1.177421072387700042e+04 6.603667199999999448e-17
1.178114231872560049e+04 4.234557599999999692e-17
1.178807391357420056e+04 3.473217539999999765e-17
1.179500550842290068e+04 4.655028299999999548e-17
1.180193710327150075e+04 5.913725999999999836e-17
1.180886869812010082e+04 6.335366700000000434e-17
1.181580029296879911e+04 4.271471099999999892e-17
1.182273188781739918e+04 3.341096850000000269e-17
1.182966348266599925e+04 4.847298299999999835e-17
1.183659507751469937e+04 5.507868599999999095e-17
1.184352667236329944e+04 3.455631659999999930e-17
1.185045826721189951e+04 4.026742200000000350e-17
1.185738986206059963e+04 4.970600699999999849e-17
1.186432145690919970e+04 4.173682499999999362e-17
1.187125305175779977e+04 4.127194500000000415e-17
1.187818464660649988e+04 3.321388979999999955e-17
1.188511624145509995e+04 5.188860299999999991e-17
1.189204783630370002e+04 3.291529019999999572e-17
1.189897943115240014e+04 4.585510799999999795e-17
1.190591102600100021e+04 5.235902100000000057e-17
1.191284262084960028e+04 3.722658810000000046e-17
1.191977421569830040e+04 2.838534660000000416e-17
1.192670581054690047e+04 4.164809999999999951e-17
1.193363740539550054e+04 3.669559920000000349e-17
1.194056900024420065e+04 6.158856600000000487e-18
1.194750059509280072e+04 3.392338950000000059e-17
1.195443218994140079e+04 5.959348200000000219e-17
1.196136378479010091e+04 1.046385600000000014e-17
1.196829537963869916e+04 3.131689079999999907e-17
1.197522697448729923e+04 6.143186399999999651e-17
1.198215856933599935e+04 4.183268699999999946e-17
1.198909016418459942e+04 3.889709459999999852e-17
1.199602175903319949e+04 4.074673200000000192e-17
1.200295335388189960e+04 2.912670149999999929e-17
1.200988494873049967e+04 5.047617899999999902e-17
1.201681654357909974e+04 5.857097999999999185e-17
1.202374813842779986e+04 9.500641800000000361e-18
1.203067973327639993e+04 2.613889199999999969e-17
1.203761132812500000e+04 4.332794699999999593e-17
1.204454292297370012e+04 3.882834540000000441e-17
1.205147451782230019e+04 4.171837800000000286e-17
1.205840611267090026e+04 1.734487949999999773e-17
1.206533770751960037e+04 4.913832299999999947e-17
1.207226930236820044e+04 5.684819399999999908e-17
1.207920089721680051e+04 4.466127899999999770e-17
1.208613249206550063e+04 5.185268399999999692e-17
1.209306408691410070e+04 4.874442300000000035e-17
1.209999568176270077e+04 4.305619499999999833e-17
1.210692727661140088e+04 5.928713699999999829e-17
1.211385887145999914e+04 4.132654499999999768e-17
1.212079046630859921e+04 3.534105119999999919e-17
1.212772206115729932e+04 5.242715400000000184e-17
1.213465365600589939e+04 4.593462899999999871e-17
1.214158525085449946e+04 4.156678500000000249e-17
1.214851684570319958e+04 3.719339520000000290e-17
1.215544844055179965e+04 3.617780789999999896e-17
1.216238003540039972e+04 2.362399649999999942e-17
1.216931163024909984e+04 2.046355739999999902e-17
1.217624322509769991e+04 5.049361200000000101e-17
1.218317481994629998e+04 3.594049289999999754e-17
1.219010641479500009e+04 3.682766880000000055e-17
1.219703800964360016e+04 3.842916479999999509e-17
1.220396960449220023e+04 3.517389720000000123e-17
1.221090119934080030e+04 2.252342430000000173e-17
1.221783279418950042e+04 5.180054100000000106e-17
1.222476438903810049e+04 4.580253600000000044e-17
1.223169598388670056e+04 1.848126539999999912e-17
1.223862757873540068e+04 3.036554819999999658e-17
1.224555917358400075e+04 2.955854459999999516e-17
1.225249076843260082e+04 6.209314799999999940e-17
1.225942236328129911e+04 4.192726199999999420e-17
1.226635395812989918e+04 3.386267430000000093e-17
1.227328555297849925e+04 5.209565399999999709e-17
1.228021714782719937e+04 4.578252900000000088e-17
1.228714874267579944e+04 3.783146640000000064e-17
1.229408033752439951e+04 3.556906080000000408e-17
1.230101193237309963e+04 4.754478299999999739e-17
1.230794352722169970e+04 5.274344399999999633e-17
1.231487512207029977e+04 4.519647600000000076e-17
1.232180671691899988e+04 2.787010199999999989e-17
1.232873831176759995e+04 2.077720710000000073e-17
1.233566990661620002e+04 4.811507999999999805e-17
1.234260150146490014e+04 4.243703099999999872e-17
1.234953309631350021e+04 8.010775499999999410e-17
1.235646469116210028e+04 3.307197659999999661e-17
1.236339628601080040e+04 5.584616700000000018e-17
1.237032788085940047e+04 2.968381649999999804e-17
1.237725947570800054e+04 3.141281520000000403e-17
1.238419107055670065e+04 4.325099999999999889e-17
1.239112266540530072e+04 3.700753680000000086e-17
1.239805426025390079e+04 3.147818699999999805e-17
1.240498585510260091e+04 4.106672700000000111e-17
1.241191744995119916e+04 3.712121789999999785e-17
1.241884904479979923e+04 2.029718339999999929e-17
1.242578063964849935e+04 3.341186159999999547e-17
1.243271223449709942e+04 3.409321499999999705e-17
1.243964382934569949e+04 2.188318079999999844e-17
1.244657542419439960e+04 6.060077400000000226e-17
1.245350701904299967e+04 4.647711899999999897e-17
1.246043861389159974e+04 3.942638700000000018e-17
1.246737020874029986e+04 3.949685999999999924e-17
1.247430180358889993e+04 4.287968099999999690e-17
1.248123339843750000e+04 5.980271699999999936e-17
1.248816499328620012e+04 2.924175149999999930e-17
1.249509658813480019e+04 4.758713700000000046e-17
1.250202818298340026e+04 4.396672799999999752e-17
1.250895977783210037e+04 3.405692159999999934e-17
1.251589137268070044e+04 2.686786439999999935e-17
1.252282296752930051e+04 3.593179979999999775e-17
1.252975456237800063e+04 4.213310400000000075e-17
1.253668615722660070e+04 5.550663300000000098e-17
1.254361775207520077e+04 4.575678899999999442e-17
1.255054934692390088e+04 4.177414800000000144e-17
1.255748094177249914e+04 2.987658960000000032e-17
1.256441253662109921e+04 2.405873729999999830e-17
1.257134413146979932e+04 3.001376820000000076e-17
1.257827572631839939e+04 3.896853479999999625e-17
1.258520732116699946e+04 4.510197900000000184e-17
1.259213891601569958e+04 1.457147640000000089e-17
1.259907051086429965e+04 3.546710699999999331e-17
1.260600210571289972e+04 5.967896999999999114e-17
1.261293370056159984e+04 3.581262360000000205e-17
1.261986529541019991e+04 3.444096629999999813e-17
1.262679689025879998e+04 2.983903260000000504e-17
1.263372848510750009e+04 1.804150140000000027e-17
1.264066007995610016e+04 9.183790199999999936e-18
1.264759167480470023e+04 3.900885299999999878e-17
1.265452326965330030e+04 4.536398099999999839e-17
1.266145486450200042e+04 4.782137100000000068e-17
1.266838645935060049e+04 6.403238399999999690e-17
1.267531805419920056e+04 5.848697399999999738e-17
1.268224964904790068e+04 4.317225899999999944e-17
1.268918124389650075e+04 5.484772799999999378e-17
1.269611283874510082e+04 2.203551869999999830e-17
1.270304443359379911e+04 4.129085999999999447e-17
1.270997602844239918e+04 3.465630089999999857e-17
1.271690762329099925e+04 2.000602890000000054e-17
1.272383921813969937e+04 3.919347900000000281e-17
1.273077081298829944e+04 5.310415500000000014e-17
1.273770240783689951e+04 4.742626199999999861e-17
1.274463400268559963e+04 3.007631249999999848e-17
1.275156559753419970e+04 -8.574871499999999771e-18
1.275849719238279977e+04 2.817794850000000339e-17
1.276542878723149988e+04 1.440858899999999971e-17
1.277236038208009995e+04 2.225554890000000026e-17
1.277929197692870002e+04 4.018606799999999625e-17
1.278622357177740014e+04 3.208241789999999968e-17
1.279315516662600021e+04 3.096177240000000106e-17
1.280008676147460028e+04 4.258593300000000163e-17
1.280701835632330040e+04 4.808302199999999757e-17
1.281394995117190047e+04 2.913239159999999986e-17
1.282088154602050054e+04 2.598763049999999773e-18
1.282781314086920065e+04 7.231188900000000807e-18
1.283474473571780072e+04 3.397423769999999931e-17
1.284167633056640079e+04 3.334372469999999811e-17
1.284860792541510091e+04 3.902351699999999517e-17
1.285553952026369916e+04 4.118403900000000310e-17
1.286247111511229923e+04 3.486628080000000141e-17
1.286940270996099935e+04 2.269885800000000069e-17
1.287633430480959942e+04 4.590218100000000065e-17
1.288326589965819949e+04 2.662996830000000073e-17
1.289019749450689960e+04 2.104922040000000157e-17
1.289712908935549967e+04 3.235100309999999575e-17
1.290406068420409974e+04 1.736783099999999964e-17
1.291099227905279986e+04 9.160070399999998858e-18
1.291792387390139993e+04 3.773966429999999527e-17
1.292485546875000000e+04 1.366811939999999902e-17
1.293178706359870012e+04 1.127570339999999944e-17
1.293871865844730019e+04 1.951217970000000089e-17
1.294565025329590026e+04 2.675335259999999944e-17
1.295258184814460037e+04 2.432098109999999914e-17
1.295951344299320044e+04 2.531131200000000212e-17
1.296644503784180051e+04 1.602084509999999723e-17
1.297337663269050063e+04 1.410812909999999826e-17
1.298030822753910070e+04 2.639417819999999705e-17
1.298723982238770077e+04 3.762355740000000016e-17
1.299417141723640088e+04 2.057070209999999892e-17
1.300110301208499914e+04 3.215995770000000067e-17
1.300803460693359921e+04 4.831031400000000026e-17
1.301496620178229932e+04 3.777856289999999472e-18
1.302189779663089939e+04 3.194865570000000340e-17
1.302882939147949946e+04 2.867842379999999349e-17
1.303576098632819958e+04 2.056842839999999943e-17
1.304269258117679965e+04 7.077915000000000097e-19
1.304962417602539972e+04 4.305354300000000495e-17
1.305655577087409984e+04 2.808165359999999981e-17
1.306348736572269991e+04 2.355193619999999735e-17
1.307041896057129998e+04 3.988479299999999783e-17
1.307735055541990005e+04 3.641064569999999887e-17
1.308428215026860016e+04 3.208012469999999815e-17
1.309121374511720023e+04 5.450234399999999395e-17
1.309814533996580030e+04 2.897766689999999979e-17
1.310507693481450042e+04 2.768282009999999714e-17
1.311200852966310049e+04 2.120206919999999808e-17
1.311894012451170056e+04 3.577393559999999963e-17
1.312587171936040068e+04 3.105970140000000084e-17
1.313280331420900075e+04 3.019021590000000081e-17
1.313973490905760082e+04 3.088871369999999767e-17
1.314666650390629911e+04 2.700645479999999681e-17
1.315359809875489918e+04 3.131412959999999798e-17
1.316052969360349925e+04 2.827067099999999886e-17
1.316746128845219937e+04 1.706118569999999767e-17
1.317439288330079944e+04 2.639222430000000074e-17
1.318132447814939951e+04 1.981340399999999771e-17
1.318825607299809963e+04 3.414302579999999963e-17
1.319518766784669970e+04 3.254489160000000231e-17
1.320211926269529977e+04 3.076090680000000130e-17
1.320905085754399988e+04 3.053150100000000226e-17
1.321598245239259995e+04 3.576460290000000271e-18
1.322291404724120002e+04 5.352882599999999941e-18
1.322984564208990014e+04 2.067681330000000184e-17
1.323677723693850021e+04 3.464757269999999697e-17
1.324370883178710028e+04 4.316644799999999672e-17
1.325064042663580040e+04 3.013264410000000147e-17
1.325757202148440047e+04 1.993740449999999850e-17
1.326450361633300054e+04 3.112973369999999764e-17
1.327143521118170065e+04 1.674761010000000185e-17
1.327836680603030072e+04 2.367580799999999764e-17
1.328529840087890079e+04 2.670928259999999748e-18
1.329222999572760091e+04 4.446655199999999912e-17
1.329916159057619916e+04 2.998907729999999721e-17
1.330609318542479923e+04 2.575765139999999907e-17
1.331302478027349935e+04 3.855177690000000007e-17
1.331995637512209942e+04 2.960591399999999677e-17
1.332688796997069949e+04 4.945566599999999912e-17
1.333381956481939960e+04 -8.245130400000000243e-18
1.334075115966799967e+04 2.412309120000000130e-17
1.334768275451659974e+04 5.361587399999999870e-17
1.335461434936529986e+04 1.976239589999999893e-17
1.336154594421389993e+04 9.001473000000000297e-18
1.336847753906250000e+04 6.658957499999999721e-18
1.337540913391120012e+04 3.605855760000000353e-17
1.338234072875980019e+04 2.368316729999999931e-17
1.338927232360840026e+04 3.662795759999999682e-17
1.339620391845710037e+04 4.131024299999999667e-17
1.340313551330570044e+04 5.073584099999999778e-17
1.341006710815430051e+04 2.817003539999999876e-17
1.341699870300300063e+04 4.060933499999999839e-17
1.342393029785160070e+04 2.647045050000000130e-17
1.343086189270020077e+04 2.868247199999999952e-17
1.343779348754890088e+04 3.799990349999999513e-17
1.344472508239749914e+04 2.123513730000000048e-17
1.345165667724609921e+04 4.487932799999999681e-17
1.345858827209479932e+04 2.685447179999999887e-17
1.346551986694339939e+04 5.404530299999999707e-17
1.347245146179199946e+04 2.486618549999999807e-17
1.347938305664069958e+04 2.297685780000000101e-17
1.348631465148929965e+04 4.108415999999999694e-17
1.349324624633789972e+04 3.800232149999999644e-18
1.350017784118659984e+04 7.512858599999999394e-18
1.350710943603519991e+04 -1.249212119999999978e-17
1.351404103088379998e+04 6.178590600000000663e-17
1.352097262573240005e+04 2.504665799999999987e-17
1.352790422058110016e+04 4.536928499999999748e-17
1.353483581542970023e+04 5.271723599999999647e-17
1.354176741027830030e+04 1.891537829999999840e-17
1.354869900512700042e+04 3.740750130000000142e-17
1.355563059997560049e+04 6.617820299999999820e-17
1.356256219482420056e+04 -6.297092100000000494e-17
1.356949378967290068e+04 2.571444719999999969e-16
1.357642538452150075e+04 -2.200875299999999939e-17
1.358335697937010082e+04 -8.174481899999999813e-17
1.359028857421879911e+04 -5.982915900000000208e-18
1.359722016906739918e+04 1.160265990000000099e-16
1.360415176391599925e+04 6.166699499999999794e-17
1.361108335876469937e+04 2.156054159999999990e-16
1.361801495361329944e+04 2.414695920000000028e-17
1.362494654846189951e+04 7.766128499999999174e-17
1.363187814331059963e+04 1.184423369999999961e-16
1.363880973815919970e+04 9.080849699999999247e-17
1.364574133300779977e+04 1.111305389999999999e-16
1.365267292785649988e+04 2.470683540000000012e-17
1.365960452270509995e+04 8.314273499999999426e-17
1.366653611755370002e+04 1.429809809999999990e-16
1.367346771240240014e+04 1.067766570000000069e-16
1.368039930725100021e+04 -1.348918739999999967e-16
1.368733090209960028e+04 -1.257083879999999956e-17
1.369426249694830040e+04 5.226440699999999560e-17
1.370119409179690047e+04 6.784225499999999569e-18
1.370812568664550054e+04 1.565013450000000082e-16
1.371505728149420065e+04 1.408834439999999849e-16
1.372198887634280072e+04 3.066375390000000058e-17
1.372892047119140079e+04 8.665519200000000485e-17
1.373585206604010091e+04 3.242444399999999836e-17
1.374278366088869916e+04 1.366719509999999990e-16
1.374971525573729923e+04 7.478238300000000413e-17
1.375664685058599935e+04 7.903443599999999692e-17
1.376357844543459942e+04 -2.148681600000000022e-17
1.377051004028319949e+04 8.962285800000000296e-17
1.377744163513189960e+04 6.852654899999998966e-18
1.378437322998049967e+04 7.871791199999999650e-17
1.379130482482909974e+04 1.003461809999999985e-16
1.379823641967779986e+04 -7.658621099999999006e-17
1.380516801452639993e+04 -1.262380860000000007e-16
1.381209960937500000e+04 3.638161409999999881e-16
1.381903120422370012e+04 -5.038881899999999950e-17
1.382596279907230019e+04 3.966631499999999708e-17
1.383289439392090026e+04 8.882733599999999972e-17
1.383982598876960037e+04 6.861503999999998707e-17
1.384675758361820044e+04 1.585533689999999915e-17
1.385368917846680051e+04 2.468662949999999952e-17
1.386062077331550063e+04 1.407875039999999771e-17
1.386755236816410070e+04 7.903474799999999252e-17
1.387448396301270077e+04 1.197465360000000008e-16
1.388141555786140088e+04 -1.638790530000000078e-17
1.388834715270999914e+04 -1.499661930000000044e-17
1.389527874755859921e+04 7.986576000000000327e-17
1.390221034240729932e+04 4.958081699999999369e-17
1.390914193725589939e+04 -2.508205050000000027e-17
1.391607353210449946e+04 5.445683099999999388e-17
1.392300512695319958e+04 -1.010011859999999975e-18
1.392993672180179965e+04 -3.411588569999999676e-17
1.393686831665039972e+04 -5.622774300000000068e-17
1.394379991149909984e+04 7.590039599999999599e-17
1.395073150634769991e+04 1.610751479999999801e-17
1.395766310119629998e+04 -1.290460469999999928e-17
1.396459469604500009e+04 -6.527293500000000019e-18
1.397152629089360016e+04 1.022794499999999954e-16
1.397845788574220023e+04 -5.034623099999999358e-18
1.398538948059090035e+04 1.502519459999999846e-17
1.399232107543950042e+04 3.540544799999999619e-17
1.399925267028810049e+04 -6.212875500000000064e-17
1.400618426513680060e+04 7.048107300000000248e-17
1.401311585998540068e+04 1.488770789999999852e-17
1.402004745483400075e+04 -8.525747099999999826e-18
1.402697904968260082e+04 9.595454699999999599e-17
1.403391064453129911e+04 -2.614482780000000065e-17
1.404084223937989918e+04 -7.531106699999999280e-17
1.404777383422849925e+04 7.629020099999999898e-17
1.405470542907719937e+04 5.176037099999999798e-17
1.406163702392579944e+04 1.386867690000000081e-17
1.406856861877439951e+04 6.090563699999999935e-17
1.407550021362309963e+04 9.979479899999999428e-17
1.408243180847169970e+04 5.588653199999999280e-17
1.408936340332029977e+04 1.061610419999999957e-16
1.409629499816899988e+04 2.262192660000000036e-17
1.410322659301759995e+04 -2.808675479999999868e-17
1.411015818786620002e+04 5.082253799999999586e-17
1.411708978271490014e+04 3.893262360000000394e-17
1.412402137756350021e+04 7.533302399999999873e-17
1.413095297241210028e+04 1.420551599999999938e-16
1.413788456726080040e+04 9.764823899999999574e-17
1.414481616210940047e+04 1.066329029999999991e-16
1.415174775695800054e+04 6.006304199999999339e-17
1.415867935180670065e+04 2.058607980000000142e-17
1.416561094665530072e+04 5.928756599999999994e-17
1.417254254150390079e+04 1.317017519999999954e-16
1.417947413635260091e+04 -6.150444299999999819e-18
1.418640573120119916e+04 7.112648399999999369e-17
1.419333732604979923e+04 1.862479710000000157e-17
1.420026892089849935e+04 2.467884510000000154e-17
1.420720051574709942e+04 2.660843249999999810e-17
1.421413211059569949e+04 3.577822169999999999e-19
1.422106370544439960e+04 6.196483799999998934e-17
1.422799530029299967e+04 3.472816229999999960e-17
1.423492689514159974e+04 4.009149299999999535e-17
1.424185848999029986e+04 4.806863099999999886e-17
1.424879008483889993e+04 4.327529700000000261e-17
1.425572167968750000e+04 4.457025299999999755e-17
1.426265327453620012e+04 1.409309070000000099e-17
1.426958486938480019e+04 4.600475099999999810e-17
1.427651646423340026e+04 3.245178689999999530e-17
1.428344805908210037e+04 3.412436429999999572e-17
1.429037965393070044e+04 6.184187100000000092e-17
1.429731124877930051e+04 4.426671599999999716e-17
1.430424284362800063e+04 1.476936239999999956e-17
1.431117443847660070e+04 2.212280459999999809e-17
1.431810603332520077e+04 7.537623599999999893e-17
1.432503762817390088e+04 2.779274160000000407e-17
1.433196922302249914e+04 4.741452299999999944e-17
1.433890081787109921e+04 3.072880979999999675e-17
1.434583241271979932e+04 4.680702000000000318e-17
1.435276400756839939e+04 1.217652149999999940e-17
1.435969560241699946e+04 1.238942639999999947e-17
1.436662719726569958e+04 2.742114179999999680e-17
1.437355879211429965e+04 5.272589400000000061e-17
1.438049038696289972e+04 2.611702860000000168e-17
1.438742198181159984e+04 4.179009900000000278e-17
1.439435357666019991e+04 1.090688429999999991e-17
1.440128517150879998e+04 8.158312500000000014e-18
1.440821676635750009e+04 4.074263699999999963e-17
1.441514836120610016e+04 4.925388000000000311e-17
1.442207995605470023e+04 4.705065299999999862e-17
1.442901155090340035e+04 5.980747499999999075e-17
1.443594314575200042e+04 4.861513799999999943e-17
1.444287474060060049e+04 -8.860799999999999875e-18
1.444980633544930060e+04 3.091574459999999900e-17
1.445673793029790068e+04 7.560033000000000054e-17
1.446366952514650075e+04 1.278828719999999944e-17
1.447060111999510082e+04 4.094040600000000149e-17
1.447753271484379911e+04 3.638296739999999897e-17
1.448446430969239918e+04 2.266081350000000074e-17
1.449139590454099925e+04 1.894590750000000197e-17
1.449832749938969937e+04 1.568003190000000068e-17
1.450525909423829944e+04 7.186167300000000267e-17
1.451219068908689951e+04 8.407011599999998984e-17
1.451912228393559963e+04 4.469692499999999684e-17
1.452605387878419970e+04 4.771353599999999590e-17
1.453298547363279977e+04 6.277810500000000250e-17
1.453991706848149988e+04 1.182907050000000102e-17
1.454684866333009995e+04 4.461085199999999765e-18
1.455378025817870002e+04 3.775158269999999961e-17
1.456071185302740014e+04 3.264345239999999780e-17
1.456764344787600021e+04 5.338117199999999892e-17
1.457457504272460028e+04 4.258082399999999824e-17
1.458150663757330040e+04 2.317484130000000061e-17
1.458843823242190047e+04 4.809253799999999884e-17
1.459536982727050054e+04 3.734838120000000005e-17
1.460230142211920065e+04 3.750360509999999923e-17
1.460923301696780072e+04 4.543464899999999931e-17
1.461616461181640079e+04 1.528659599999999887e-17
1.462309620666510091e+04 3.681632759999999731e-17
1.463002780151369916e+04 3.953195999999999684e-17
1.463695939636229923e+04 5.866126500000000092e-18
1.464389099121099935e+04 -5.836997399999999870e-18
1.465082258605959942e+04 2.754649169999999857e-17
1.465775418090819949e+04 3.150057299999999947e-17
1.466468577575689960e+04 1.164946379999999933e-17
1.467161737060549967e+04 2.317592160000000000e-17
1.467854896545409974e+04 1.373509800000000118e-17
1.468548056030279986e+04 4.773814500000000137e-17
1.469241215515139993e+04 3.326077170000000265e-17
1.469934375000000000e+04 -1.436226089999999882e-18
1.470627534484870012e+04 3.330117960000000160e-17
1.471320693969730019e+04 2.337285209999999752e-17
1.472013853454590026e+04 3.665267969999999993e-17
1.472707012939460037e+04 3.702170159999999814e-17
1.473400172424320044e+04 9.558685499999999981e-18
1.474093331909180051e+04 7.328298899999999822e-18
1.474786491394050063e+04 1.162590389999999984e-17
1.475479650878910070e+04 -2.087615009999999853e-18
1.476172810363770077e+04 3.252869879999999668e-17
1.476865969848640088e+04 3.563318459999999722e-17
1.477559129333499914e+04 3.596377589999999554e-18
1.478252288818359921e+04 5.801753099999999682e-18
1.478945448303229932e+04 4.833921299999999756e-17
1.479638607788089939e+04 1.969173959999999861e-17
1.480331767272949946e+04 2.284830599999999898e-17
1.481024926757819958e+04 1.794852539999999991e-17
1.481718086242679965e+04 -1.647976979999999767e-19
1.482411245727539972e+04 -2.241013319999999923e-17
1.483104405212409984e+04 2.866792500000000302e-17
1.483797564697269991e+04 2.587595400000000094e-17
1.484490724182129998e+04 2.208574680000000058e-19
1.485183883667000009e+04 2.585089259999999877e-17
1.485877043151860016e+04 1.862815889999999880e-17
1.486570202636720023e+04 1.519671660000000256e-17
1.487263362121590035e+04 1.622821199999999959e-18
1.487956521606450042e+04 2.993195399999999846e-17
1.488649681091310049e+04 2.909063819999999911e-17
1.489342840576180060e+04 3.565878419999999642e-17
1.490036000061040068e+04 5.360491499999999469e-17
1.490729159545900075e+04 3.497128440000000148e-17
1.491422319030770086e+04 6.747924300000000433e-18
1.492115478515629911e+04 1.638686399999999930e-17
1.492808638000489918e+04 1.398353189999999742e-17
1.493501797485349925e+04 1.564476810000000077e-17
1.494194956970219937e+04 2.808355679999999760e-17
1.494888116455079944e+04 4.299609599999999768e-17
1.495581275939939951e+04 2.928472949999999356e-17
1.496274435424809963e+04 2.845094459999999961e-17
1.496967594909669970e+04 4.026679799999999998e-17
1.497660754394529977e+04 4.443636599999999687e-17
1.498353913879399988e+04 1.964066910000000072e-17
1.499047073364259995e+04 1.568805809999999986e-17
1.499740232849120002e+04 3.837670980000000364e-17
1.500433392333990014e+04 4.352290800000000045e-17
1.501126551818850021e+04 3.459759809999999824e-17
1.501819711303710028e+04 3.685131839999999953e-17
1.502512870788580040e+04 2.864131529999999882e-17
1.503206030273440047e+04 2.948378159999999811e-17
1.503899189758300054e+04 1.419447120000000058e-17
1.504592349243170065e+04 1.429766520000000155e-17
1.505285508728030072e+04 3.029576550000000242e-17
1.505978668212890079e+04 8.971949999999999472e-18
1.506671827697760091e+04 3.775574400000000327e-17
1.507364987182619916e+04 4.264673400000000162e-17
1.508058146667479923e+04 2.977371929999999555e-17
1.508751306152349935e+04 3.424299059999999995e-17
1.509444465637209942e+04 1.240066229999999880e-17
1.510137625122069949e+04 4.199750099999999964e-17
1.510830784606939960e+04 4.954556099999999829e-17
1.511523944091799967e+04 2.573667720000000084e-17
1.512217103576659974e+04 3.950871599999999829e-17
1.512910263061529986e+04 3.908502000000000066e-17
1.513603422546389993e+04 3.469837019999999718e-17
1.514296582031250000e+04 3.058153800000000011e-17
1.514989741516120012e+04 3.047380830000000077e-17
1.515682901000980019e+04 2.672210579999999983e-17
1.516376060485840026e+04 3.805991279999999936e-17
1.517069219970710037e+04 3.381285179999999774e-17
1.517762379455570044e+04 3.361080060000000239e-17
1.518455538940430051e+04 4.977889799999999731e-17
1.519148698425300063e+04 3.697790459999999849e-17
1.519841857910160070e+04 3.639206219999999693e-17
1.520535017395020077e+04 5.396983800000000068e-17
1.521228176879890088e+04 1.792737959999999794e-17
1.521921336364749914e+04 5.421631799999999754e-17
1.522614495849609921e+04 4.146265500000000242e-17
1.523307655334479932e+04 2.521456079999999958e-17
1.524000814819339939e+04 4.361607899999999651e-17
1.524693974304199946e+04 4.246238100000000144e-17
1.525387133789069958e+04 2.231076509999999896e-17
1.526080293273929965e+04 3.215754360000000316e-17
1.526773452758789972e+04 2.692271009999999942e-17
1.527466612243659984e+04 3.515725979999999725e-17
1.528159771728519991e+04 4.529050500000000012e-17
1.528852931213379998e+04 6.899287200000000190e-18
1.529546090698250009e+04 2.590638180000000132e-17
1.530239250183110016e+04 2.917783050000000021e-17
1.530932409667970023e+04 4.297807799999999624e-17
1.531625569152840035e+04 1.826806020000000098e-17
1.532318728637700042e+04 3.085628519999999857e-17
1.533011888122560049e+04 2.417882609999999807e-17
1.533705047607430060e+04 3.170804910000000221e-17
1.534398207092290068e+04 3.884326289999999954e-17
1.535091366577150075e+04 2.793658139999999985e-17
1.535784526062020086e+04 3.761777369999999474e-17
1.536477685546879911e+04 3.683195490000000245e-17
1.537170845031739918e+04 3.939596699999999815e-17
1.537864004516609930e+04 3.567886919999999796e-17
1.538557164001469937e+04 4.097503799999999337e-17
1.539250323486329944e+04 4.805104199999999907e-17
1.539943482971189951e+04 1.796024489999999704e-17
1.540636642456059963e+04 5.451209399999999500e-17
1.541329801940919970e+04 5.071965600000000282e-17
1.542022961425779977e+04 3.304259010000000079e-17
1.542716120910649988e+04 3.719376179999999926e-17
1.543409280395509995e+04 4.175289300000000101e-17
1.544102439880370002e+04 3.868277790000000143e-17
1.544795599365240014e+04 2.913162720000000141e-17
1.545488758850100021e+04 3.937502399999999948e-17
1.546181918334960028e+04 2.685678449999999935e-17
1.546875077819830040e+04 3.925966200000000387e-17
1.547568237304690047e+04 3.872626289999999932e-17
1.548261396789550054e+04 3.459754739999999972e-17
1.548954556274420065e+04 3.329435070000000169e-17
1.549647715759280072e+04 2.877997979999999600e-17
1.550340875244140079e+04 3.564042690000000208e-17
1.551034034729010091e+04 3.658556069999999976e-17
1.551727194213869916e+04 2.586949170000000048e-17
1.552420353698729923e+04 1.932372779999999925e-17
1.553113513183599935e+04 5.257258499999999981e-17
1.553806672668459942e+04 5.126912699999999853e-17
1.554499832153319949e+04 3.204170189999999506e-17
1.555192991638189960e+04 2.479300199999999953e-17
1.555886151123049967e+04 1.841880690000000173e-17
1.556579310607909974e+04 4.396746900000000093e-17
1.557272470092779986e+04 1.939383030000000122e-18
1.557965629577639993e+04 5.568646199999999722e-17
1.558658789062500000e+04 8.714175599999998715e-18
1.559351948547370012e+04 2.207705759999999824e-17
1.560045108032230019e+04 3.585904140000000168e-17
1.560738267517090026e+04 2.459942159999999863e-17
1.561431427001960037e+04 2.840010419999999923e-17
1.562124586486820044e+04 4.474754700000000030e-17
1.562817745971680051e+04 3.150591210000000037e-17
1.563510905456550063e+04 4.665729900000000104e-17
1.564204064941410070e+04 4.373354699999999630e-17
1.564897224426270077e+04 3.392200109999999861e-17
1.565590383911140088e+04 5.538046800000000532e-17
1.566283543395999914e+04 5.415231899999999647e-17
1.566976702880859921e+04 4.134939899999999865e-17
1.567669862365729932e+04 4.194340799999999741e-17
1.568363021850589939e+04 3.482681279999999767e-17
1.569056181335449946e+04 3.105848069999999727e-17
1.569749340820319958e+04 2.043564899999999852e-17
1.570442500305179965e+04 2.816595209999999708e-17
1.571135659790039972e+04 3.332798430000000150e-17
1.571828819274909984e+04 3.133399230000000035e-17
1.572521978759769991e+04 3.487956420000000035e-17
1.573215138244629998e+04 1.502616180000000022e-17
1.573908297729500009e+04 1.936692030000000049e-17
1.574601457214360016e+04 3.552100499999999367e-17
1.575294616699220023e+04 3.053884079999999572e-17
1.575987776184090035e+04 2.350318619999999828e-17
1.576680935668950042e+04 1.964241630000000071e-17
1.577374095153810049e+04 3.306094739999999513e-17
1.578067254638680060e+04 4.143687599999999805e-17
1.578760414123540068e+04 3.322091759999999742e-17
1.579453573608400075e+04 2.296659690000000024e-17
1.580146733093270086e+04 2.118091560000000084e-17
1.580839892578129911e+04 8.263382399999999150e-19
1.581533052062989918e+04 2.429165310000000019e-17
1.582226211547859930e+04 6.859491599999999379e-17
1.582919371032719937e+04 4.641998399999999962e-18
1.583612530517579944e+04 1.168711440000000060e-18
1.584305690002439951e+04 7.592906099999999660e-18
1.584998849487309963e+04 3.894971729999999454e-17
1.585692008972169970e+04 -3.862740180000000268e-18
1.586385168457029977e+04 1.376983530000000005e-17
1.587078327941899988e+04 2.468003850000000164e-17
1.587771487426759995e+04 1.579264439999999889e-17
1.588464646911620002e+04 3.431985960000000117e-17
1.589157806396490014e+04 3.161049839999999940e-17
1.589850965881350021e+04 2.969796569999999862e-17
1.590544125366210028e+04 3.124636710000000150e-17
1.591237284851080040e+04 2.989292280000000088e-17
1.591930444335940047e+04 2.675124269999999917e-17
1.592623603820800054e+04 3.110245710000000209e-17
1.593316763305670065e+04 3.657421560000000042e-17
1.594009922790530072e+04 2.837611919999999728e-17
1.594703082275390079e+04 1.947007139999999821e-17
1.595396241760260091e+04 1.901169660000000011e-17
1.596089401245119916e+04 4.139046600000000293e-17
1.596782560729979923e+04 2.050635599999999735e-17
1.597475720214849935e+04 1.433417699999999925e-17
1.598168879699709942e+04 2.452058310000000133e-17
1.598862039184569949e+04 5.159711700000000044e-17
1.599555198669439960e+04 3.728967060000000137e-17
1.600248358154299967e+04 2.998018920000000172e-17
1.600941517639159974e+04 2.993456309999999784e-17
1.601634677124029986e+04 3.425229989999999874e-17
1.602327836608889993e+04 7.619742000000000666e-18
1.603020996093750000e+04 1.359834059999999941e-17
1.603714155578620012e+04 3.893719830000000023e-17
1.604407315063480019e+04 3.060298409999999399e-17
1.605100474548340026e+04 1.529420879999999926e-17
1.605793634033210037e+04 3.130414170000000107e-17
1.606486793518070044e+04 3.086969340000000190e-17
1.607179953002930051e+04 4.522178699999999940e-17
1.607873112487800063e+04 -4.337240699999999854e-18
1.608566271972660070e+04 2.593612709999999824e-17
1.609259431457520077e+04 3.509317500000000201e-17
1.609952590942390088e+04 1.319047859999999977e-18
1.610645750427249914e+04 2.062544639999999889e-17
1.611338909912109921e+04 8.204192099999999537e-18
1.612032069396979932e+04 2.069383289999999889e-17
1.612725228881839939e+04 4.633804499999999909e-17
1.613418388366699946e+04 2.509390260000000015e-17
1.614111547851569958e+04 1.216339800000000052e-17
1.614804707336429965e+04 1.864156709999999905e-17
1.615497866821289972e+04 2.868545159999999752e-17
1.616191026306159984e+04 2.296210409999999894e-17
1.616884185791019991e+04 2.534898209999999658e-18
1.617577345275879998e+04 1.616860829999999772e-17
1.618270504760750009e+04 3.456194819999999684e-17
1.618963664245610016e+04 1.569507030000000103e-17
1.619656823730470023e+04 1.696449689999999733e-17
1.620349983215340035e+04 3.704844389999999892e-17
1.621043142700200042e+04 2.279509049999999900e-17
1.621736302185060049e+04 2.573913810000000077e-17
1.622429461669930060e+04 4.005896700000000148e-17
1.623122621154790068e+04 3.774582629999999766e-17
1.623815780639650075e+04 5.185194299999999967e-17
1.624508940124520086e+04 3.224342160000000202e-17
1.625202099609379911e+04 1.516948289999999793e-17
1.625895259094239918e+04 2.067545609999999943e-17
1.626588418579109930e+04 1.340008019999999986e-17
1.627281578063969937e+04 8.431449000000000410e-18
1.627974737548829944e+04 1.074410219999999956e-17
1.628667897033689951e+04 2.260873289999999784e-17
1.629361056518559963e+04 9.768131100000000348e-18
1.630054216003419970e+04 9.994069799999999798e-18
1.630747375488289981e+04 3.446722500000000266e-17
1.631440534973149988e+04 1.798626959999999871e-17
1.632133694458009995e+04 2.508059580000000001e-17
1.632826853942880007e+04 -3.138935669999999927e-18
1.633520013427740014e+04 5.833073999999999782e-18
1.634213172912600021e+04 2.287916279999999792e-17
1.634906332397460028e+04 3.830767979999999500e-17
1.635599491882330040e+04 3.052100999999999780e-17
1.636292651367190047e+04 3.138399030000000029e-17
1.636985810852050054e+04 3.554631599999999232e-18
1.637678970336920065e+04 -3.311456459999999791e-18
1.638372129821780072e+04 2.467752300000000094e-17
1.639065289306639897e+04 5.446264199999999968e-18
1.639758448791510091e+04 2.971932210000000070e-18
1.640451608276370098e+04 1.423717620000000023e-17
1.641144767761230105e+04 9.052289999999999462e-18
1.641837927246099935e+04 2.370524519999999814e-17
1.642531086730959942e+04 1.626774630000000047e-17
1.643224246215819949e+04 2.600743080000000020e-17
1.643917405700690142e+04 2.632647809999999968e-17
1.644610565185550149e+04 -2.007367830000000016e-18
1.645303724670410156e+04 -8.412748500000000322e-19
1.645996884155279986e+04 9.262000799999999938e-19
1.646690043640139993e+04 8.668873200000000290e-19
