3.332110595703099989e+03 -2.469675200000000129e-17
3.336185123448260128e+03 3.948225600000000436e-17
3.340259651193419813e+03 -2.800624000000000329e-17
3.344334178938579953e+03 3.280715200000000090e-17
3.348408706683740093e+03 8.028249600000000906e-17
3.352483234428899777e+03 1.433816159999999997e-16
3.356557762174059917e+03 1.467025120000000037e-16
3.360632289919220057e+03 1.005965920000000099e-16
3.364706817664380196e+03 9.434649600000000448e-17
3.368781345409529877e+03 2.152568000000000301e-17
3.372855873154700021e+03 2.709990399999999973e-17
3.376930400899850156e+03 -7.795945599999999249e-18
3.381004928645009841e+03 9.620718399999999614e-17
3.385079456390169980e+03 2.332785600000000287e-16
3.389153984135330120e+03 1.230148799999999853e-16
3.393228511880489805e+03 1.133907679999999993e-16
3.397303039625649944e+03 1.177230399999999880e-16
3.401377567370810084e+03 3.299801600000000103e-17
3.405452095115970224e+03 3.130564800000000203e-17
3.409526622861129908e+03 1.624339199999999869e-17
3.413601150606290048e+03 3.685600000000000172e-17
3.417675678351450188e+03 1.143015040000000088e-17
3.421750206096599868e+03 1.677254400000000232e-17
3.425824733841760008e+03 4.855772800000000029e-17
3.429899261586920147e+03 1.284911840000000102e-17
3.433973789332079832e+03 6.704172799999999530e-17
3.438048317077239972e+03 6.514873600000000925e-17
3.442122844822400111e+03 4.651952000000000220e-17
3.446197372567559796e+03 3.076816000000000346e-17
3.450271900312719936e+03 3.848156800000000351e-17
3.454346428057880075e+03 1.697428800000000035e-17
3.458420955803040215e+03 5.230116800000000353e-17
3.462495483548189895e+03 5.186910399999999887e-17
3.466570011293350035e+03 6.476932799999999806e-17
3.470644539038510175e+03 3.967419200000000500e-17
3.474719066783669859e+03 4.202318400000000157e-17
3.478793594528829999e+03 4.538473599999999639e-17
3.482868122273990139e+03 5.030556800000000469e-17
3.486942650019149823e+03 6.841342400000000360e-17
3.491017177764309963e+03 2.624654399999999983e-17
3.495091705509470103e+03 4.282088000000000044e-17
3.499166233254629788e+03 4.570347200000000163e-17
3.503240760999789927e+03 -3.129211199999999960e-18
3.507315288744950067e+03 3.127294399999999952e-17
3.511389816490100202e+03 2.894520000000000218e-17
3.515464344235259887e+03 7.403340800000000462e-17
3.519538871980420026e+03 4.271401600000000079e-17
3.523613399725580166e+03 2.442558400000000209e-17
3.527687927470739851e+03 3.614574400000000028e-17
3.531762455215899990e+03 5.129857599999999543e-17
3.535836982961060130e+03 4.552336000000000950e-17
3.539911510706219815e+03 5.074225600000000146e-17
3.543986038451379954e+03 -2.092841600000000171e-17
3.548060566196540094e+03 3.455824000000000355e-17
3.552135093941699779e+03 6.051273600000000403e-17
3.556209621686859919e+03 5.849012800000000145e-17
3.560284149432010054e+03 3.195998400000000107e-17
3.564358677177170193e+03 7.782003200000000940e-17
3.568433204922329878e+03 7.738979200000000175e-17
3.572507732667490018e+03 1.153375840000000126e-16
3.576582260412650157e+03 1.062838240000000051e-16
3.580656788157809842e+03 9.533646400000000020e-17
3.584731315902969982e+03 5.200972800000000318e-17
3.588805843648130121e+03 4.502168000000000802e-17
3.592880371393289806e+03 8.226099200000000091e-17
3.596954899138449946e+03 6.416340800000000398e-17
3.601029426883610085e+03 5.640732799999999895e-17
3.605103954628760221e+03 6.741868800000000597e-17
3.609178482373919906e+03 3.930134400000000219e-17
3.613253010119080045e+03 4.187611200000000199e-17
3.617327537864240185e+03 5.800702400000000326e-17
3.621402065609399870e+03 4.490185600000000594e-17
3.625476593354560009e+03 3.777363200000000346e-17
3.629551121099720149e+03 8.767374399999999912e-17
3.633625648844879834e+03 7.614660800000000659e-17
3.637700176590039973e+03 4.043323199999999815e-17
3.641774704335200113e+03 1.188538720000000095e-17
3.645849232080359798e+03 5.818203199999999727e-17
3.649923759825509933e+03 6.911008000000000073e-17
3.653998287570670072e+03 3.087561600000000376e-17
3.658072815315830212e+03 4.880142400000000657e-17
3.662147343060989897e+03 8.086235200000000694e-17
3.666221870806150037e+03 6.211353599999999939e-17
3.670296398551310176e+03 8.615371200000000434e-17
3.674370926296469861e+03 7.842822400000000365e-17
3.678445454041630001e+03 7.045246400000000843e-17
3.682519981786790140e+03 6.371915200000001022e-17
3.686594509531949825e+03 5.546996800000000165e-17
3.690669037277109965e+03 7.254129600000001207e-17
3.694743565022260100e+03 5.322008000000000285e-17
3.698818092767419785e+03 5.818849599999999705e-17
3.702892620512579924e+03 6.673371200000001369e-17
3.706967148257740064e+03 5.948161599999999468e-17
3.711041676002900203e+03 7.770539200000000337e-17
3.715116203748059888e+03 8.253779199999999931e-17
3.719190731493220028e+03 8.516273600000000768e-17
3.723265259238380168e+03 7.065430400000000581e-17
3.727339786983539852e+03 7.624528000000000572e-17
3.731414314728699992e+03 7.917704000000000221e-17
3.735488842473860132e+03 7.955788800000000066e-17
3.739563370219019816e+03 6.466547200000000288e-17
3.743637897964169952e+03 8.635702400000001033e-17
3.747712425709330091e+03 7.865587200000001127e-17
3.751786953454489776e+03 6.705259200000000409e-17
3.755861481199649916e+03 8.666163200000000402e-17
3.759936008944810055e+03 8.107438400000000837e-17
3.764010536689970195e+03 9.297496000000000436e-17
3.768085064435129880e+03 7.117104000000000336e-17
3.772159592180290019e+03 6.884692799999999553e-17
3.776234119925450159e+03 7.000814399999999660e-17
3.780308647670609844e+03 7.577108800000000784e-17
3.784383175415769983e+03 7.439537600000000029e-17
3.788457703160920119e+03 8.925768000000000591e-17
3.792532230906079803e+03 1.031112640000000122e-16
3.796606758651239943e+03 8.595327999999999751e-17
3.800681286396400083e+03 6.935895999999999690e-17
3.804755814141560222e+03 8.986518400000000323e-17
3.808830341886719907e+03 9.904204800000000161e-17
3.812904869631880047e+03 9.659393600000000891e-17
3.816979397377040186e+03 9.064950399999999937e-17
3.821053925122199871e+03 8.285388800000000531e-17
3.825128452867360011e+03 9.666495999999999628e-17
3.829202980612520150e+03 8.694526400000000744e-17
3.833277508357669831e+03 6.657356800000001088e-17
3.837352036102829970e+03 8.183515200000000226e-17
3.841426563847990110e+03 9.664916800000000206e-17
3.845501091593149795e+03 6.895515200000000300e-17
3.849575619338309934e+03 1.045534880000000035e-16
3.853650147083470074e+03 9.702164800000000579e-17
3.857724674828630214e+03 1.011351040000000016e-16
3.861799202573789898e+03 1.003485600000000065e-16
3.865873730318950038e+03 8.738158400000000513e-17
3.869948258064110178e+03 1.073304800000000104e-16
3.874022785809269863e+03 8.706276800000000814e-17
3.878097313554419998e+03 9.840047999999999396e-17
3.882171841299580137e+03 1.055480480000000131e-16
3.886246369044739822e+03 9.275452799999999918e-17
3.890320896789899962e+03 1.033588320000000079e-16
3.894395424535060101e+03 1.120662880000000025e-16
3.898469952280219786e+03 1.109543840000000004e-16
3.902544480025379926e+03 1.000604479999999961e-16
3.906619007770540065e+03 9.261590400000000456e-17
3.910693535515700205e+03 1.073062560000000157e-16
3.914768063260859890e+03 9.550996800000000122e-17
3.918842591006020029e+03 9.029536000000000515e-17
3.922917118751180169e+03 9.463409599999999362e-17
3.926991646496329849e+03 9.252936000000001345e-17
3.931066174241489989e+03 9.920025600000001278e-17
3.935140701986650129e+03 9.505710400000000664e-17
3.939215229731809814e+03 9.961212800000001422e-17
3.943289757476969953e+03 9.608163200000000474e-17
3.947364285222130093e+03 1.177878559999999985e-16
3.951438812967289778e+03 1.000002400000000040e-16
3.955513340712449917e+03 1.026436800000000054e-16
3.959587868457610057e+03 1.071426720000000036e-16
3.963662396202770196e+03 9.404534400000001227e-17
3.967736923947929881e+03 1.054421440000000070e-16
3.971811451693080016e+03 1.011167039999999987e-16
3.975885979438240156e+03 1.068212959999999991e-16
3.979960507183399841e+03 1.036161120000000078e-16
3.984035034928559980e+03 1.119449280000000107e-16
3.988109562673720120e+03 9.920921600000000198e-17
3.992184090418879805e+03 1.085983199999999989e-16
3.996258618164039945e+03 1.083976479999999983e-16
4.000333145909200084e+03 1.166571680000000084e-16
4.004407673654360224e+03 1.121405600000000066e-16
4.008482201399519909e+03 1.133489279999999888e-16
4.012556729144670044e+03 1.071304960000000067e-16
4.016631256889830183e+03 1.178116639999999867e-16
4.020705784634989868e+03 1.006391040000000005e-16
4.024780312380150008e+03 1.082061120000000119e-16
4.028854840125310147e+03 1.135920800000000079e-16
4.032929367870469832e+03 1.064312000000000042e-16
4.037003895615629972e+03 1.245796640000000111e-16
4.041078423360790111e+03 1.124991360000000065e-16
4.045152951105949796e+03 1.137627200000000020e-16
4.049227478851109936e+03 1.106968160000000055e-16
4.053302006596270076e+03 1.204528800000000138e-16
4.057376534341430215e+03 1.290361440000000064e-16
4.061451062086589900e+03 1.145737599999999945e-16
4.065525589831740035e+03 1.030656640000000130e-16
4.069600117576900175e+03 1.138916640000000138e-16
4.073674645322059860e+03 1.141597600000000089e-16
4.077749173067219999e+03 1.152729919999999913e-16
4.081823700812380139e+03 1.193277760000000093e-16
4.085898228557539824e+03 1.135971039999999958e-16
4.089972756302699963e+03 1.147089760000000012e-16
4.094047284047860103e+03 1.046148960000000137e-16
4.098121811793020242e+03 1.130451839999999924e-16
4.102196339538179927e+03 1.317493120000000115e-16
4.106270867283339612e+03 1.221070400000000164e-16
4.110345395028500207e+03 1.189410079999999921e-16
4.114419922773649887e+03 1.109095200000000116e-16
4.118494450518809572e+03 1.181637920000000037e-16
4.122568978263970166e+03 1.356820639999999960e-16
4.126643506009129851e+03 1.214348000000000065e-16
4.130718033754290445e+03 1.134551040000000223e-16
4.134792561499450130e+03 1.088639520000000013e-16
4.138867089244609815e+03 1.179462400000000100e-16
4.142941616989770409e+03 1.306790080000000016e-16
4.147016144734930094e+03 1.200044800000000094e-16
4.151090672480089779e+03 1.134899039999999938e-16
4.155165200225240369e+03 1.248494560000000165e-16
4.159239727970400054e+03 1.311424960000000111e-16
4.163314255715559739e+03 1.236594560000000159e-16
4.167388783460720333e+03 1.243250240000000043e-16
4.171463311205880018e+03 1.277548960000000062e-16
4.175537838951039703e+03 1.254612639999999957e-16
4.179612366696200297e+03 1.254719680000000210e-16
4.183686894441359982e+03 1.344030560000000116e-16
4.187761422186519667e+03 1.334988320000000031e-16
4.191835949931680261e+03 1.288859040000000126e-16
4.195910477676839946e+03 1.303869600000000145e-16
4.199985005421999631e+03 1.369743360000000132e-16
4.204059533167150221e+03 1.198134560000000072e-16
4.208134060912309906e+03 1.198587679999999991e-16
4.212208588657469591e+03 1.172881760000000067e-16
4.216283116402630185e+03 1.317372800000000183e-16
4.220357644147789870e+03 1.269368320000000160e-16
4.224432171892949555e+03 1.296379520000000111e-16
4.228506699638110149e+03 1.262512640000000046e-16
4.232581227383269834e+03 1.271143360000000118e-16
4.236655755128430428e+03 1.127048000000000106e-16
4.240730282873590113e+03 1.288132160000000241e-16
4.244804810618739793e+03 1.266512480000000041e-16
4.248879338363900388e+03 1.331752480000000042e-16
4.252953866109060073e+03 1.348873439999999988e-16
4.257028393854219757e+03 1.322262400000000173e-16
4.261102921599380352e+03 1.354426400000000058e-16
4.265177449344540037e+03 1.241891360000000052e-16
4.269251977089699722e+03 1.179157920000000094e-16
4.273326504834860316e+03 1.253364319999999979e-16
4.277401032580020001e+03 1.295160160000000047e-16
4.281475560325179686e+03 1.260080480000000167e-16
4.285550088070340280e+03 1.269021919999999911e-16
4.289624615815499965e+03 1.195566720000000117e-16
4.293699143560659650e+03 1.162874720000000137e-16
4.297773671305810240e+03 1.222175840000000130e-16
4.301848199050969924e+03 1.276579520000000016e-16
4.305922726796129609e+03 1.257165600000000028e-16
4.309997254541290204e+03 1.282385600000000021e-16
4.314071782286449888e+03 1.397727360000000214e-16
4.318146310031609573e+03 1.365487520000000129e-16
4.322220837776770168e+03 1.369126720000000170e-16
4.326295365521929853e+03 1.379779680000000067e-16
4.330369893267090447e+03 1.296640959999999929e-16
4.334444421012250132e+03 1.305428000000000108e-16
4.338518948757409817e+03 1.280429919999999997e-16
4.342593476502560407e+03 1.228740640000000007e-16
4.346668004247720091e+03 1.308953600000000141e-16
4.350742531992879776e+03 1.439712639999999997e-16
4.354817059738040371e+03 1.299487359999999972e-16
4.358891587483200055e+03 1.265691200000000142e-16
4.362966115228359740e+03 1.385599200000000167e-16
4.367040642973520335e+03 1.354127840000000119e-16
4.371115170718680019e+03 1.330626079999999956e-16
4.375189698463839704e+03 1.396774240000000090e-16
4.379264226209000299e+03 1.327412479999999956e-16
4.383338753954149979e+03 1.392225440000000125e-16
4.387413281699309664e+03 1.394872000000000107e-16
4.391487809444470258e+03 1.346311680000000269e-16
4.395562337189629943e+03 1.380105920000000051e-16
4.399636864934789628e+03 1.462316640000000127e-16
4.403711392679950222e+03 1.383375040000000063e-16
4.407785920425109907e+03 1.249481440000000078e-16
4.411860448170269592e+03 1.344046240000000103e-16
4.415934975915430186e+03 1.350113920000000095e-16
4.420009503660589871e+03 1.335210719999999926e-16
4.424084031405749556e+03 1.269497920000000000e-16
4.428158559150910150e+03 1.419129760000000238e-16
4.432233086896059831e+03 1.366748480000000099e-16
4.436307614641220425e+03 1.405796159999999987e-16
4.440382142386380110e+03 1.451864640000000238e-16
4.444456670131539795e+03 1.481504800000000135e-16
4.448531197876700389e+03 1.387822560000000168e-16
4.452605725621860074e+03 1.367852000000000015e-16
4.456680253367019759e+03 1.346462239999999983e-16
4.460754781112180353e+03 1.343863360000000144e-16
4.464829308857340038e+03 1.469995200000000099e-16
4.468903836602499723e+03 1.449063680000000198e-16
4.472978364347660317e+03 1.474706239999999992e-16
4.477052892092820002e+03 1.450715200000000060e-16
4.481127419837969683e+03 1.407666400000000061e-16
4.485201947583130277e+03 1.529965119999999981e-16
4.489276475328289962e+03 1.422001760000000110e-16
4.493351003073449647e+03 1.340208960000000127e-16
4.497425530818610241e+03 1.455447520000000165e-16
4.501500058563769926e+03 1.484557920000000086e-16
4.505574586308929611e+03 1.355084160000000160e-16
4.509649114054090205e+03 1.442201759999999925e-16
4.513723641799249890e+03 1.424481600000000132e-16
4.517798169544409575e+03 1.409406080000000271e-16
4.521872697289570169e+03 1.357728639999999925e-16
4.525947225034719850e+03 1.483544800000000164e-16
4.530021752779880444e+03 1.417080800000000146e-16
4.534096280525040129e+03 1.435234400000000098e-16
4.538170808270199814e+03 1.435499200000000001e-16
4.542245336015360408e+03 1.446408480000000243e-16
4.546319863760520093e+03 1.403326720000000065e-16
4.550394391505679778e+03 1.435004959999999942e-16
4.554468919250840372e+03 1.365134880000000214e-16
4.558543446996000057e+03 1.433786400000000227e-16
4.562617974741159742e+03 1.422997279999999996e-16
4.566692502486320336e+03 1.555388640000000212e-16
4.570767030231470017e+03 1.420293759999999965e-16
4.574841557976629701e+03 1.403360480000000101e-16
4.578916085721790296e+03 1.463334720000000093e-16
4.582990613466949981e+03 1.442251200000000195e-16
4.587065141212109666e+03 1.484270080000000091e-16
4.591139668957270260e+03 1.476779679999999966e-16
4.595214196702429945e+03 1.467136160000000063e-16
4.599288724447589630e+03 1.395385919999999926e-16
4.603363252192750224e+03 1.424441600000000184e-16
4.607437779937909909e+03 1.423438080000000259e-16
4.611512307683069594e+03 1.486108960000000191e-16
4.615586835428230188e+03 1.530075200000000229e-16
4.619661363173379868e+03 1.420522400000000018e-16
4.623735890918539553e+03 1.482126880000000153e-16
4.627810418663700148e+03 1.509544799999999995e-16
4.631884946408859832e+03 1.453291520000000066e-16
4.635959474154020427e+03 1.570702400000000123e-16
4.640034001899180112e+03 1.582008640000000091e-16
4.644108529644339797e+03 1.443304160000000142e-16
4.648183057389500391e+03 1.400020800000000269e-16
4.652257585134660076e+03 1.455228000000000096e-16
4.656332112879819761e+03 1.472496960000000020e-16
4.660406640624980355e+03 1.413010080000000241e-16
4.664481168370130035e+03 1.555028480000000024e-16
4.668555696115289720e+03 1.622075200000000048e-16
4.672630223860450315e+03 1.520640800000000048e-16
4.676704751605609999e+03 1.622836799999999993e-16
4.680779279350769684e+03 1.760204800000000108e-16
4.684853807095930279e+03 1.569840960000000108e-16
4.688928334841089963e+03 1.406128160000000118e-16
4.693002862586249648e+03 1.407255519999999982e-16
4.697077390331410243e+03 1.434545760000000033e-16
4.701151918076569928e+03 1.505720640000000023e-16
4.705226445821729612e+03 1.516583520000000237e-16
4.709300973566880202e+03 1.516691840000000112e-16
4.713375501312039887e+03 1.426923520000000177e-16
4.717450029057199572e+03 1.434500320000000277e-16
4.721524556802360166e+03 1.403587360000000274e-16
4.725599084547519851e+03 1.474542240000000183e-16
4.729673612292680446e+03 1.546616800000000255e-16
4.733748140037840130e+03 1.459945440000000070e-16
4.737822667782999815e+03 1.491152000000000214e-16
4.741897195528160410e+03 1.586630720000000026e-16
4.745971723273320094e+03 1.526309280000000175e-16
4.750046251018469775e+03 1.458295360000000245e-16
4.754120778763630369e+03 1.544853120000000175e-16
4.758195306508790054e+03 1.591848320000000127e-16
4.762269834253949739e+03 1.509883840000000140e-16
4.766344361999110333e+03 1.523786399999999964e-16
4.770418889744270018e+03 1.650256000000000196e-16
4.774493417489429703e+03 1.565964159999999950e-16
4.778567945234590297e+03 1.521511360000000294e-16
4.782642472979749982e+03 1.483897120000000235e-16
4.786717000724909667e+03 1.482908320000000027e-16
4.790791528470070261e+03 1.608582400000000110e-16
4.794866056215229946e+03 1.558277120000000174e-16
4.798940583960389631e+03 1.569051200000000105e-16
4.803015111705540221e+03 1.600652800000000173e-16
4.807089639450699906e+03 1.586204960000000062e-16
4.811164167195859591e+03 1.597387840000000102e-16
4.815238694941020185e+03 1.588830400000000001e-16
4.819313222686179870e+03 1.617732800000000147e-16
4.823387750431339555e+03 1.514000159999999970e-16
4.827462278176500149e+03 1.524720639999999938e-16
4.831536805921659834e+03 1.615228800000000087e-16
4.835611333666820428e+03 1.646670400000000118e-16
4.839685861411980113e+03 1.717388800000000104e-16
4.843760389157139798e+03 1.674889600000000009e-16
4.847834916902290388e+03 1.583284000000000180e-16
4.851909444647450073e+03 1.518276960000000095e-16
4.855983972392609758e+03 1.574198240000000140e-16
4.860058500137770352e+03 1.683531199999999946e-16
4.864133027882930037e+03 1.698811200000000068e-16
4.868207555628089722e+03 1.690777600000000121e-16
4.872282083373250316e+03 1.703907200000000122e-16
4.876356611118410001e+03 1.693766400000000164e-16
4.880431138863569686e+03 1.630187200000000178e-16
4.884505666608730280e+03 1.562861600000000223e-16
4.888580194353889965e+03 1.593437280000000208e-16
4.892654722099039645e+03 1.654488000000000005e-16
4.896729249844200240e+03 1.596258240000000098e-16
4.900803777589359925e+03 1.474958399999999903e-16
4.904878305334519609e+03 1.457994079999999908e-16
4.908952833079680204e+03 1.608830400000000079e-16
4.913027360824839889e+03 1.760888000000000117e-16
4.917101888569999574e+03 1.639344000000000049e-16
4.921176416315160168e+03 1.584053280000000073e-16
4.925250944060319853e+03 1.598587520000000159e-16
4.929325471805480447e+03 1.718150400000000049e-16
4.933399999550640132e+03 1.713400000000000143e-16
4.937474527295799817e+03 1.705016000000000173e-16
4.941549055040950407e+03 1.580986080000000093e-16
4.945623582786110092e+03 1.691030399999999966e-16
4.949698110531269776e+03 1.741601600000000244e-16
4.953772638276430371e+03 1.734624000000000239e-16
4.957847166021590056e+03 1.656881599999999974e-16
4.961921693766749740e+03 1.636288000000000025e-16
4.965996221511910335e+03 1.655467199999999970e-16
4.970070749257070020e+03 1.607692800000000037e-16
4.974145277002229705e+03 1.633001600000000067e-16
4.978219804747390299e+03 1.678172800000000050e-16
4.982294332492549984e+03 1.681758400000000128e-16
4.986368860237709669e+03 1.599422559999999997e-16
4.990443387982860258e+03 1.653664000000000201e-16
4.994517915728019943e+03 1.702969600000000063e-16
4.998592443473179628e+03 1.712712000000000012e-16
5.002666971218340223e+03 1.805428800000000200e-16
5.006741498963499907e+03 1.844195200000000095e-16
5.010816026708659592e+03 1.730054400000000075e-16
5.014890554453820187e+03 1.641635200000000212e-16
5.018965082198979871e+03 1.661060800000000168e-16
5.023039609944139556e+03 1.731787200000000192e-16
5.027114137689300151e+03 1.812161600000000152e-16
5.031188665434449831e+03 1.704451200000000294e-16
5.035263193179620430e+03 1.790639999999999895e-16
5.039337720924770110e+03 1.750433600000000167e-16
5.043412248669929795e+03 1.673374400000000158e-16
5.047486776415090389e+03 1.746020800000000123e-16
5.051561304160250074e+03 1.703009600000000010e-16
5.055635831905409759e+03 1.657195200000000212e-16
5.059710359650570354e+03 1.673427200000000019e-16
5.063784887395730038e+03 1.675227200000000117e-16
5.067859415140889723e+03 1.671542399999999904e-16
5.071933942886050318e+03 1.818884800000000107e-16
5.076008470631199998e+03 1.687718400000000179e-16
5.080082998376359683e+03 1.565499680000000154e-16
5.084157526121520277e+03 1.655296000000000225e-16
5.088232053866679962e+03 1.694678400000000148e-16
5.092306581611839647e+03 1.683068800000000120e-16
5.096381109357000241e+03 1.802054400000000308e-16
5.100455637102159926e+03 1.798552000000000042e-16
5.104530164847319611e+03 1.758241600000000057e-16
5.108604692592480205e+03 1.788398399999999924e-16
5.112679220337639890e+03 1.744233600000000185e-16
5.116753748082799575e+03 1.773563200000000085e-16
5.120828275827960169e+03 1.662705600000000105e-16
5.124902803573119854e+03 1.655288000000000186e-16
5.128977331318270444e+03 1.746598399999999915e-16
5.133051859063430129e+03 1.768396800000000133e-16
5.137126386808589814e+03 1.776715200000000081e-16
5.141200914553750408e+03 1.844859200000000110e-16
5.145275442298910093e+03 1.739273600000000051e-16
5.149349970044069778e+03 1.758425600000000209e-16
5.153424497789230372e+03 1.761659200000000059e-16
5.157499025534390057e+03 1.676585600000000096e-16
5.161573553279549742e+03 1.546906240000000209e-16
5.165648081024710336e+03 1.626263999999999993e-16
5.169722608769870021e+03 1.760731200000000244e-16
5.173797136515029706e+03 1.658054400000000088e-16
5.177871664260180296e+03 1.693468800000000003e-16
5.181946192005339981e+03 1.786268800000000003e-16
5.186020719750499666e+03 1.726355199999999989e-16
5.190095247495660260e+03 1.717707199999999971e-16
5.194169775240819945e+03 1.731412800000000054e-16
5.198244302985979630e+03 1.563738400000000135e-16
5.202318830731140224e+03 1.622627200000000012e-16
5.206393358476299909e+03 1.742092800000000061e-16
5.210467886221459594e+03 1.715360000000000031e-16
5.214542413966610184e+03 1.770411200000000088e-16
5.218616941711769869e+03 1.726089600000000230e-16
5.222691469456929553e+03 1.703878400000000130e-16
5.226765997202090148e+03 1.654521600000000119e-16
5.230840524947249833e+03 1.693142400000000097e-16
5.234915052692410427e+03 1.692969600000000147e-16
5.238989580437570112e+03 1.637144000000000231e-16
5.243064108182729797e+03 1.595780160000000039e-16
5.247138635927890391e+03 1.696203200000000244e-16
5.251213163673050076e+03 1.719331200000000203e-16
5.255287691418209761e+03 1.684310400000000174e-16
5.259362219163370355e+03 1.752318400000000036e-16
5.263436746908530040e+03 1.704662399999999987e-16
5.267511274653679720e+03 1.811244800000000293e-16
5.271585802398840315e+03 1.773303999999999913e-16
5.275660330144000000e+03 1.744092800000000143e-16
5.279734857889159684e+03 1.802307200000000153e-16
5.283809385634320279e+03 1.842580800000000108e-16
5.287883913379479964e+03 1.831556799999999911e-16
5.291958441124639648e+03 1.740459200000000080e-16
5.296032968869800243e+03 1.785638399999999855e-16
5.300107496614959928e+03 1.789275199999999836e-16
5.304182024360119613e+03 1.647843199999999986e-16
5.308256552105280207e+03 1.662219200000000163e-16
5.312331079850429887e+03 1.777174400000000237e-16
5.316405607595589572e+03 1.778011200000000202e-16
5.320480135340750167e+03 1.687705600000000019e-16
5.324554663085909851e+03 1.657152000000000101e-16
5.328629190831070446e+03 1.797942400000000341e-16
5.332703718576230131e+03 1.850846399999999948e-16
5.336778246321389815e+03 1.862064000000000294e-16
5.340852774066550410e+03 1.859127999999999865e-16
5.344927301811710095e+03 1.769840000000000129e-16
5.349001829556869779e+03 1.832347200000000095e-16
5.353076357302030374e+03 1.804771200000000266e-16
5.357150885047180054e+03 1.732436800000000088e-16
5.361225412792339739e+03 1.736438399999999963e-16
5.365299940537500333e+03 1.704195200000000039e-16
5.369374468282660018e+03 1.729398400000000099e-16
5.373448996027819703e+03 1.846368000000000127e-16
5.377523523772980298e+03 1.880460800000000094e-16
5.381598051518139982e+03 1.777296000000000038e-16
5.385672579263299667e+03 1.702723200000000052e-16
5.389747107008460262e+03 1.727968000000000018e-16
5.393821634753619946e+03 1.696804800000000153e-16
5.397896162498779631e+03 1.748718400000000086e-16
5.401970690243930221e+03 1.743382400000000101e-16
5.406045217989089906e+03 1.792486400000000021e-16
5.410119745734249591e+03 1.888348799999999879e-16
5.414194273479410185e+03 1.856716800000000107e-16
5.418268801224569870e+03 1.796907200000000105e-16
5.422343328969729555e+03 1.820660800000000335e-16
5.426417856714890149e+03 1.852344000000000256e-16
5.430492384460049834e+03 1.816163200000000274e-16
5.434566912205210429e+03 1.784929600000000265e-16
5.438641439950370113e+03 1.858844800000000070e-16
5.442715967695529798e+03 1.780487999999999982e-16
5.446790495440690393e+03 1.681878399999999970e-16
5.450865023185840073e+03 1.780095999999999807e-16
5.454939550930999758e+03 1.808279999999999872e-16
5.459014078676160352e+03 1.668860800000000018e-16
5.463088606421320037e+03 1.810646399999999807e-16
5.467163134166479722e+03 1.916411200000000143e-16
5.471237661911640316e+03 1.903489600000000164e-16
5.475312189656800001e+03 1.728076800000000151e-16
5.479386717401959686e+03 1.723267200000000056e-16
5.483461245147120280e+03 1.781680000000000337e-16
5.487535772892279965e+03 1.785865600000000119e-16
5.491610300637439650e+03 1.697256000000000023e-16
5.495684828382590240e+03 1.733753600000000161e-16
5.499759356127749925e+03 1.786593599999999950e-16
5.503833883872909610e+03 1.701750400000000167e-16
5.507908411618070204e+03 1.679654400000000035e-16
5.511982939363229889e+03 1.740588800000000166e-16
5.516057467108389574e+03 1.786854399999999834e-16
5.520131994853550168e+03 1.796651200000000096e-16
5.524206522598709853e+03 1.749574400000000045e-16
5.528281050343870447e+03 1.767632000000000025e-16
5.532355578089030132e+03 1.781603199999999866e-16
5.536430105834189817e+03 1.730918400000000073e-16
5.540504633579340407e+03 1.700977600000000020e-16
5.544579161324500092e+03 1.758448000000000121e-16
5.548653689069659777e+03 1.829824000000000040e-16
5.552728216814820371e+03 1.922062400000000078e-16
5.556802744559980056e+03 1.860371200000000124e-16
5.560877272305139741e+03 1.737817600000000141e-16
5.564951800050300335e+03 1.724855999999999968e-16
5.569026327795460020e+03 1.824737600000000230e-16
5.573100855540619705e+03 1.709878400000000129e-16
5.577175383285780299e+03 1.779054399999999983e-16
5.581249911030939984e+03 2.077591999999999938e-16
5.585324438776089664e+03 1.895603200000000092e-16
5.589398966521250259e+03 1.643495999999999964e-16
5.593473494266409944e+03 1.744579200000000085e-16
5.597548022011569628e+03 1.764937600000000225e-16
5.601622549756730223e+03 1.752451200000000285e-16
5.605697077501889908e+03 1.772609600000000195e-16
5.609771605247049592e+03 1.903696000000000228e-16
5.613846132992210187e+03 1.869316800000000056e-16
5.617920660737369872e+03 1.844192000000000178e-16
5.621995188482529556e+03 1.863601600000000057e-16
5.626069716227690151e+03 1.880081600000000080e-16
5.630144243972849836e+03 1.789190400000000312e-16
5.634218771718000426e+03 1.822784000000000176e-16
5.638293299463160110e+03 1.816337599999999936e-16
5.642367827208319795e+03 1.841416000000000279e-16
5.646442354953480390e+03 1.779411200000000086e-16
5.650516882698640075e+03 1.787665600000000217e-16
5.654591410443799759e+03 1.742571200000000211e-16
5.658665938188960354e+03 1.700332800000000247e-16
5.662740465934120039e+03 1.784735999999999869e-16
5.666814993679279723e+03 1.816017600000000110e-16
5.670889521424440318e+03 1.847964800000000079e-16
5.674964049169600003e+03 1.819404799999999916e-16
5.679038576914749683e+03 1.772886400000000156e-16
5.683113104659910277e+03 1.788996799999999916e-16
5.687187632405069962e+03 1.777035199999999907e-16
5.691262160150229647e+03 1.864126400000000235e-16
5.695336687895390241e+03 1.844996799999999988e-16
5.699411215640549926e+03 1.822443199999999905e-16
5.703485743385709611e+03 1.923211200000000323e-16
5.707560271130870206e+03 1.858707199999999945e-16
5.711634798876029890e+03 1.786656000000000056e-16
5.715709326621189575e+03 1.839953600000000042e-16
5.719783854366350170e+03 1.783788800000000059e-16
5.723858382111509854e+03 1.811510400000000052e-16
5.727932909856660444e+03 1.812947200000000213e-16
5.732007437601820129e+03 1.810991999999999954e-16
5.736081965346979814e+03 1.779091200000000260e-16
5.740156493092140408e+03 1.788684800000000129e-16
5.744231020837300093e+03 1.819316799999999983e-16
5.748305548582459778e+03 1.746006400000000003e-16
5.752380076327620372e+03 1.741297600000000003e-16
5.756454604072780057e+03 1.786491200000000144e-16
5.760529131817939742e+03 1.791969599999999882e-16
5.764603659563100337e+03 1.764878400000000283e-16
5.768678187308260021e+03 1.837416000000000115e-16
5.772752715053409702e+03 1.950307200000000043e-16
5.776827242798570296e+03 1.849012799999999982e-16
5.780901770543729981e+03 1.782947200000000219e-16
5.784976298288889666e+03 1.866476800000000092e-16
5.789050826034050260e+03 1.853651199999999839e-16
5.793125353779209945e+03 1.887519999999999953e-16
5.797199881524369630e+03 1.880388799999999992e-16
5.801274409269530224e+03 1.793337600000000105e-16
5.805348937014689909e+03 1.814584000000000112e-16
5.809423464759849594e+03 1.841300800000000065e-16
5.813497992505000184e+03 1.817960000000000209e-16
5.817572520250159869e+03 1.810443200000000153e-16
5.821647047995319554e+03 1.788793600000000262e-16
5.825721575740480148e+03 1.790225600000000055e-16
5.829796103485639833e+03 1.831424000000000155e-16
5.833870631230800427e+03 1.808544000000000166e-16
5.837945158975960112e+03 1.817700800000000283e-16
5.842019686721119797e+03 1.723576000000000172e-16
5.846094214466280391e+03 1.700784000000000117e-16
5.850168742211440076e+03 1.739873600000000002e-16
5.854243269956599761e+03 1.902676800000000316e-16
5.858317797701760355e+03 1.906156800000000177e-16
5.862392325446910036e+03 1.924798400000000030e-16
5.866466853192069721e+03 1.920305599999999844e-16
5.870541380937230315e+03 1.930457600000000004e-16
5.874615908682390000e+03 2.033870400000000030e-16
5.878690436427549685e+03 1.976460800000000077e-16
5.882764964172710279e+03 1.865456000000000222e-16
5.886839491917869964e+03 1.846379200000000083e-16
5.890914019663029649e+03 1.801041599999999983e-16
5.894988547408190243e+03 1.788113599999999924e-16
5.899063075153349928e+03 1.686566400000000018e-16
5.903137602898509613e+03 1.723449600000000003e-16
5.907212130643660203e+03 1.769262400000000090e-16
5.911286658388819887e+03 1.849715200000000232e-16
5.915361186133979572e+03 1.846179200000000099e-16
5.919435713879140167e+03 1.865080000000000125e-16
5.923510241624299852e+03 1.829755200000000101e-16
5.927584769369460446e+03 1.866542400000000115e-16
5.931659297114620131e+03 1.837761600000000016e-16
5.935733824859779816e+03 1.807416000000000121e-16
5.939808352604940410e+03 1.785832000000000252e-16
5.943882880350100095e+03 1.772972800000000131e-16
5.947957408095259780e+03 1.754265600000000010e-16
5.952031935840420374e+03 1.775496000000000186e-16
5.956106463585570054e+03 1.801764799999999939e-16
5.960180991330729739e+03 1.711988800000000056e-16
5.964255519075890334e+03 1.772766400000000067e-16
5.968330046821050018e+03 1.846092799999999878e-16
5.972404574566209703e+03 1.932614400000000205e-16
5.976479102311370298e+03 1.828459199999999981e-16
5.980553630056529983e+03 1.815000000000000157e-16
5.984628157801689667e+03 1.863048000000000134e-16
5.988702685546850262e+03 1.811287999999999910e-16
5.992777213292009947e+03 1.802451200000000112e-16
5.996851741037169631e+03 1.885320000000000134e-16
6.000926268782330226e+03 1.921318400000000169e-16
6.005000796527489911e+03 1.874116800000000153e-16
6.009075324272639591e+03 1.819172800000000024e-16
6.013149852017800185e+03 1.906425600000000100e-16
6.017224379762959870e+03 1.929899199999999959e-16
6.021298907508119555e+03 1.840819199999999999e-16
6.025373435253280149e+03 1.807193599999999979e-16
6.029447962998439834e+03 1.830360000000000174e-16
6.033522490743600429e+03 1.851094399999999918e-16
6.037597018488760114e+03 1.799795200000000054e-16
6.041671546233919798e+03 1.819208000000000343e-16
6.045746073979080393e+03 1.858166399999999937e-16
6.049820601724230073e+03 1.788846400000000124e-16
6.053895129469389758e+03 1.803686400000000331e-16
6.057969657214550352e+03 1.827728000000000233e-16
6.062044184959710037e+03 1.860663999999999916e-16
6.066118712704869722e+03 1.909571200000000263e-16
6.070193240450030316e+03 1.912646400000000035e-16
6.074267768195190001e+03 1.833430399999999824e-16
6.078342295940349686e+03 1.819720000000000113e-16
6.082416823685510280e+03 1.813587200000000111e-16
6.086491351430669965e+03 1.829937600000000049e-16
6.090565879175829650e+03 1.797260800000000291e-16
6.094640406920980240e+03 1.801673600000000089e-16
6.098714934666139925e+03 1.830404799999999996e-16
6.102789462411299610e+03 1.866537600000000239e-16
6.106863990156460204e+03 1.849126399999999991e-16
6.110938517901619889e+03 1.876592000000000222e-16
6.115013045646779574e+03 1.822580800000000029e-16
6.119087573391940168e+03 1.824188800000000183e-16
6.123162101137099853e+03 1.867443200000000143e-16
6.127236628882260447e+03 1.897059200000000001e-16
6.131311156627420132e+03 1.909867200000000219e-16
6.135385684372579817e+03 1.812123200000000163e-16
6.139460212117730407e+03 1.866184000000000053e-16
6.143534739862890092e+03 1.954918400000000113e-16
6.147609267608049777e+03 1.876945599999999914e-16
6.151683795353210371e+03 1.876172800000000260e-16
6.155758323098370056e+03 1.900502400000000079e-16
6.159832850843529741e+03 1.891049600000000005e-16
6.163907378588690335e+03 1.861612800000000177e-16
6.167981906333850020e+03 1.859992000000000110e-16
6.172056434079009705e+03 1.828976000000000120e-16
6.176130961824170299e+03 1.810900800000000350e-16
6.180205489569329984e+03 1.853265599999999991e-16
6.184280017314479664e+03 1.868705600000000149e-16
6.188354545059640259e+03 1.864454400000000346e-16
6.192429072804799944e+03 1.860958400000000160e-16
6.196503600549959629e+03 1.833585599999999985e-16
6.200578128295120223e+03 1.797697600000000042e-16
6.204652656040279908e+03 1.879004799999999938e-16
6.208727183785439593e+03 1.869531200000000158e-16
6.212801711530600187e+03 1.818398400000000165e-16
6.216876239275759872e+03 1.791640000000000059e-16
6.220950767020919557e+03 1.808740800000000233e-16
6.225025294766080151e+03 1.851803200000000248e-16
6.229099822511239836e+03 1.852222399999999963e-16
6.233174350256390426e+03 1.762473600000000113e-16
6.237248878001550111e+03 1.818014400000000275e-16
6.241323405746709795e+03 1.831150400000000111e-16
6.245397933491870390e+03 1.845684800000000119e-16
6.249472461237030075e+03 1.827241600000000290e-16
6.253546988982189760e+03 1.869481599999999967e-16
6.257621516727350354e+03 1.842972800000000036e-16
6.261696044472510039e+03 1.820344000000000180e-16
6.265770572217669724e+03 1.804414400000000163e-16
6.269845099962830318e+03 1.793968000000000006e-16
6.273919627707979998e+03 1.768129600000000169e-16
6.277994155453149688e+03 1.730433600000000089e-16
6.282068683198300278e+03 1.776607999999999907e-16
6.286143210943459962e+03 1.847246400000000244e-16
6.290217738688619647e+03 1.907956800000000275e-16
6.294292266433780242e+03 1.825030400000000023e-16
6.298366794178939926e+03 1.806236800000000173e-16
6.302441321924099611e+03 1.853937600000000044e-16
6.306515849669260206e+03 1.867460800000000179e-16
6.310590377414419891e+03 1.831940800000000294e-16
6.314664905159579575e+03 1.707753600000000083e-16
6.318739432904730165e+03 1.813316799999999984e-16
6.322813960649889850e+03 1.842828799999999831e-16
6.326888488395060449e+03 1.855715200000000231e-16
6.330963016140210129e+03 1.882897599999999927e-16
6.335037543885369814e+03 1.871374399999999874e-16
6.339112071630530409e+03 1.858777599999999843e-16
6.343186599375690093e+03 1.880756800000000050e-16
6.347261127120849778e+03 1.845572800000000069e-16
6.351335654866010373e+03 1.849473600000000343e-16
6.355410182611170057e+03 1.932732800000000089e-16
6.359484710356329742e+03 1.846227200000000332e-16
6.363559238101490337e+03 1.773972800000000049e-16
6.367633765846640017e+03 1.834964800000000163e-16
6.371708293591809706e+03 1.864964800000000158e-16
6.375782821336960296e+03 1.906544000000000230e-16
6.379857349082119981e+03 1.875412800000000273e-16
6.383931876827279666e+03 1.889187200000000048e-16
6.388006404572440260e+03 1.840289599999999946e-16
6.392080932317599945e+03 1.834875200000000025e-16
6.396155460062759630e+03 1.835356800000000092e-16
6.400229987807920224e+03 1.825972799999999957e-16
6.404304515553079909e+03 1.795662400000000134e-16
6.408379043298239594e+03 1.805948800000000009e-16
6.412453571043400189e+03 1.858425600000000109e-16
6.416528098788559873e+03 1.886041599999999885e-16
6.420602626533709554e+03 1.813062399999999934e-16
6.424677154278870148e+03 1.773508800000000018e-16
6.428751682024029833e+03 1.904497600000000120e-16
6.432826209769190427e+03 1.835073599999999803e-16
6.436900737514350112e+03 1.798819200000000253e-16
6.440975265259509797e+03 1.858704000000000275e-16
6.445049793004670391e+03 1.853361599999999964e-16
6.449124320749830076e+03 1.853196800000000052e-16
6.453198848494989761e+03 1.873830399999999948e-16
6.457273376240140351e+03 1.871371200000000204e-16
6.461347903985300036e+03 1.795705600000000245e-16
6.465422431730469725e+03 1.781345600000000146e-16
6.469496959475620315e+03 1.827918399999999972e-16
6.473571487220780000e+03 1.796244800000000295e-16
6.477646014965939685e+03 1.792076800000000057e-16
6.481720542711100279e+03 1.845571200000000110e-16
6.485795070456259964e+03 1.818744000000000312e-16
6.489869598201419649e+03 1.780329600000000151e-16
6.493944125946580243e+03 1.792769599999999816e-16
6.498018653691739928e+03 1.758593600000000038e-16
6.502093181436899613e+03 1.827590400000000108e-16
6.506167709182050203e+03 1.881507200000000286e-16
6.510242236927209888e+03 1.880056000000000005e-16
6.514316764672369573e+03 1.839596799999999940e-16
6.518391292417530167e+03 1.816372800000000008e-16
6.522465820162689852e+03 1.853472000000000302e-16
6.526540347907850446e+03 1.813339200000000142e-16
6.530614875653010131e+03 1.815347200000000016e-16
6.534689403398169816e+03 1.868068799999999922e-16
6.538763931143330410e+03 1.922483199999999998e-16
6.542838458888490095e+03 1.815132799999999913e-16
6.546912986633649780e+03 1.832300800000000067e-16
6.550987514378810374e+03 1.850399999999999953e-16
6.555062042123970059e+03 1.807150400000000115e-16
6.559136569869119739e+03 1.808633600000000304e-16
6.563211097614280334e+03 1.844131200000000032e-16
6.567285625359440019e+03 1.840985600000000115e-16
6.571360153104599704e+03 1.801774400000000183e-16
6.575434680849760298e+03 1.768672000000000136e-16
6.579509208594919983e+03 1.761774400000000026e-16
6.583583736340079668e+03 1.776540800000000173e-16
6.587658264085240262e+03 1.851425600000000192e-16
6.591732791830399947e+03 1.843204800000000175e-16
6.595807319575549627e+03 1.777012799999999996e-16
6.599881847320720226e+03 1.811624000000000307e-16
6.603956375065869906e+03 1.903679999999999904e-16
6.608030902811029591e+03 1.894084800000000323e-16
6.612105430556190186e+03 1.870827200000000278e-16
6.616179958301349870e+03 1.828430399999999989e-16
6.620254486046509555e+03 1.771344000000000025e-16
6.624329013791670150e+03 1.769843200000000046e-16
6.628403541536829835e+03 1.786136000000000246e-16
6.632478069281990429e+03 1.855203200000000214e-16
6.636552597027150114e+03 1.896025600000000217e-16
6.640627124772309799e+03 1.822678400000000207e-16
6.644701652517460388e+03 1.728209600000000154e-16
6.648776180262620073e+03 1.751371200000000226e-16
6.652850708007779758e+03 1.791971200000000087e-16
6.656925235752940353e+03 1.757008000000000289e-16
6.660999763498100037e+03 1.787425600000000040e-16
6.665074291243259722e+03 1.804145599999999994e-16
6.669148818988420317e+03 1.784542399999999965e-16
6.673223346733580001e+03 1.785659200000000055e-16
6.677297874478739686e+03 1.793148800000000323e-16
6.681372402223900281e+03 1.802566400000000078e-16
6.685446929969059966e+03 1.852984000000000154e-16
6.689521457714209646e+03 1.907510400000000034e-16
6.693595985459370240e+03 1.842388800000000163e-16
6.697670513204529925e+03 1.758217600000000187e-16
6.701745040949689610e+03 1.819611200000000227e-16
6.705819568694850204e+03 1.818124800000000120e-16
6.709894096440009889e+03 1.823636799999999972e-16
6.713968624185169574e+03 1.884435200000000183e-16
6.718043151930330168e+03 1.876948800000000078e-16
6.722117679675489853e+03 1.849150400000000107e-16
6.726192207420650448e+03 1.805243200000000089e-16
6.730266735165810132e+03 1.804603200000000191e-16
6.734341262910959813e+03 1.816075200000000340e-16
6.738415790656130412e+03 1.822100800000000168e-16
6.742490318401280092e+03 1.823198400000000016e-16
6.746564846146439777e+03 1.717991999999999972e-16
6.750639373891600371e+03 1.793867199999999911e-16
6.754713901636760056e+03 1.901636800000000204e-16
6.758788429381919741e+03 1.867939200000000082e-16
6.762862957127080335e+03 1.806505599999999849e-16
6.766937484872240020e+03 1.829715200000000154e-16
6.771012012617399705e+03 1.752764800000000031e-16
6.775086540362560299e+03 1.759158400000000163e-16
6.779161068107719984e+03 1.810433599999999910e-16
6.783235595852879669e+03 1.850862400000000025e-16
6.787310123598030259e+03 1.837766400000000138e-16
6.791384651343189944e+03 1.788222400000000057e-16
6.795459179088349629e+03 1.766595200000000077e-16
6.799533706833510223e+03 1.778600000000000196e-16
6.803608234578669908e+03 1.736435200000000046e-16
6.807682762323829593e+03 1.844603199999999855e-16
6.811757290068990187e+03 1.898833600000000025e-16
6.815831817814149872e+03 1.829160000000000026e-16
6.819906345559309557e+03 1.782033600000000030e-16
6.823980873304470151e+03 1.758600000000000118e-16
6.828055401049629836e+03 1.816947200000000377e-16
6.832129928794780426e+03 1.834768000000000097e-16
6.836204456539940111e+03 1.762209600000000065e-16
6.840278984285099796e+03 1.762449599999999996e-16
6.844353512030260390e+03 1.806697600000000040e-16
6.848428039775420075e+03 1.851864000000000148e-16
6.852502567520579760e+03 1.745990399999999926e-16
6.856577095265740354e+03 1.642601600000000016e-16
6.860651623010900039e+03 1.641793600000000043e-16
6.864726150756059724e+03 1.605329600000000265e-16
6.868800678501220318e+03 1.617043200000000058e-16
6.872875206246380003e+03 1.657630400000000005e-16
6.876949733991539688e+03 1.710975999999999978e-16
6.881024261736690278e+03 1.642500800000000168e-16
6.885098789481849963e+03 1.638737600000000018e-16
6.889173317227009647e+03 1.661561600000000229e-16
6.893247844972170242e+03 1.684060800000000246e-16
6.897322372717329927e+03 1.719808000000000147e-16
6.901396900462489612e+03 1.742457599999999956e-16
6.905471428207650206e+03 1.765630399999999985e-16
6.909545955952809891e+03 1.769169600000000034e-16
6.913620483697969576e+03 1.785775999999999980e-16
6.917695011443130170e+03 1.740526400000000060e-16
6.921769539188289855e+03 1.746067199999999904e-16
6.925844066933440445e+03 1.666584000000000222e-16
6.929918594678600130e+03 1.679857600000000182e-16
6.933993122423759814e+03 1.758840000000000049e-16
6.938067650168920409e+03 1.736483200000000032e-16
6.942142177914080094e+03 1.755456000000000160e-16
6.946216705659239778e+03 1.744219200000000066e-16
6.950291233404400373e+03 1.697342400000000244e-16
6.954365761149560058e+03 1.769185600000000112e-16
6.958440288894719743e+03 1.730192000000000199e-16
6.962514816639880337e+03 1.729800000000000025e-16
6.966589344385040022e+03 1.666268800000000025e-16
6.970663872130189702e+03 1.698304000000000173e-16
6.974738399875350296e+03 1.755166400000000038e-16
6.978812927620509981e+03 1.800969599999999881e-16
6.982887455365669666e+03 1.704692800000000183e-16
6.986961983110830261e+03 1.710251200000000063e-16
6.991036510855989945e+03 1.711649599999999989e-16
6.995111038601149630e+03 1.698028799999999924e-16
6.999185566346310225e+03 1.719352000000000155e-16
7.003260094091469909e+03 1.717023999999999963e-16
7.007334621836629594e+03 1.827673600000000166e-16
7.011409149581790189e+03 1.750881600000000121e-16
7.015483677326939869e+03 1.741153600000000044e-16
7.019558205072099554e+03 1.766025600000000076e-16
7.023632732817260148e+03 1.699448000000000049e-16
7.027707260562419833e+03 1.727691200000000056e-16
7.031781788307580427e+03 1.789849600000000205e-16
7.035856316052740112e+03 1.715507200000000153e-16
7.039930843797899797e+03 1.647006400000000022e-16
7.044005371543060392e+03 1.684865600000000055e-16
7.048079899288220076e+03 1.700152000000000258e-16
7.052154427033379761e+03 1.713816000000000187e-16
7.056228954778540356e+03 1.720091200000000189e-16
7.060303482523690036e+03 1.687982400000000226e-16
7.064378010268849721e+03 1.736534400000000182e-16
7.068452538014010315e+03 1.742390400000000222e-16
7.072527065759170000e+03 1.715508800000000111e-16
7.076601593504329685e+03 1.645388800000000117e-16
7.080676121249490279e+03 1.661486399999999963e-16
7.084750648994649964e+03 1.703827200000000227e-16
7.088825176739809649e+03 1.700292800000000053e-16
7.092899704484970243e+03 1.722984000000000014e-16
7.096974232230129928e+03 1.756900800000000114e-16
7.101048759975289613e+03 1.731640000000000070e-16
7.105123287720440203e+03 1.675955200000000195e-16
7.109197815465599888e+03 1.666809600000000034e-16
7.113272343210759573e+03 1.651523200000000078e-16
7.117346870955920167e+03 1.690286400000000056e-16
7.121421398701079852e+03 1.677286400000000141e-16
7.125495926446240446e+03 1.685929600000000037e-16
7.129570454191400131e+03 1.678526399999999990e-16
7.133644981936559816e+03 1.650275199999999944e-16
7.137719509681720410e+03 1.696499200000000200e-16
7.141794037426880095e+03 1.668140799999999979e-16
7.145868565172029776e+03 1.626878400000000062e-16
7.149943092917200374e+03 1.637449600000000184e-16
7.154017620662350055e+03 1.663790400000000286e-16
7.158092148407509740e+03 1.649624000000000090e-16
7.162166676152670334e+03 1.534186560000000015e-16
7.166241203897830019e+03 1.499991680000000086e-16
7.170315731642989704e+03 1.544786879999999972e-16
7.174390259388150298e+03 1.573193600000000023e-16
7.178464787133309983e+03 1.517935839999999980e-16
7.182539314878469668e+03 1.519102720000000272e-16
7.186613842623630262e+03 1.506046880000000254e-16
7.190688370368789947e+03 1.541643520000000195e-16
7.194762898113949632e+03 1.567247680000000000e-16
7.198837425859110226e+03 1.617963200000000081e-16
7.202911953604259907e+03 1.655283200000000064e-16
7.206986481349419591e+03 1.555764640000000063e-16
7.211061009094580186e+03 1.531151839999999956e-16
7.215135536839739871e+03 1.568808640000000192e-16
7.219210064584899555e+03 1.535009600000000042e-16
7.223284592330060150e+03 1.583370080000000065e-16
7.227359120075219835e+03 1.624345600000000257e-16
7.231433647820380429e+03 1.608220800000000132e-16
7.235508175565540114e+03 1.602763200000000100e-16
7.239582703310699799e+03 1.570302880000000168e-16
7.243657231055850389e+03 1.550220480000000134e-16
7.247731758801010074e+03 1.531861760000000233e-16
7.251806286546169758e+03 1.562258880000000121e-16
7.255880814291330353e+03 1.499623840000000196e-16
7.259955342036490038e+03 1.470816000000000232e-16
7.264029869781649722e+03 1.551336800000000212e-16
7.268104397526810317e+03 1.524187840000000214e-16
7.272178925271970002e+03 1.505540320000000046e-16
7.276253453017129686e+03 1.543702080000000038e-16
7.280327980762290281e+03 1.572535360000000155e-16
7.284402508507449966e+03 1.579962399999999903e-16
7.288477036252609651e+03 1.608382400000000126e-16
7.292551563997760240e+03 1.583044160000000171e-16
7.296626091742919925e+03 1.544865599999999999e-16
7.300700619488079610e+03 1.570615359999999968e-16
7.304775147233240205e+03 1.572726079999999985e-16
7.308849674978399889e+03 1.575427680000000214e-16
7.312924202723559574e+03 1.548781600000000002e-16
7.316998730468720169e+03 1.547393280000000085e-16
7.321073258213879853e+03 1.545085760000000001e-16
7.325147785959040448e+03 1.482018400000000110e-16
7.329222313704200133e+03 1.559636640000000099e-16
7.333296841449359817e+03 1.589960480000000017e-16
7.337371369194510407e+03 1.619880000000000104e-16
7.341445896939670092e+03 1.519525920000000007e-16
7.345520424684829777e+03 1.527706080000000143e-16
7.349594952429990371e+03 1.586918720000000190e-16
7.353669480175150056e+03 1.524705760000000053e-16
7.357744007920309741e+03 1.521123840000000151e-16
7.361818535665470336e+03 1.522498239999999961e-16
7.365893063410630020e+03 1.508060799999999950e-16
7.369967591155789705e+03 1.576088639999999987e-16
7.374042118900950300e+03 1.614910399999999973e-16
7.378116646646109984e+03 1.568034400000000008e-16
7.382191174391259665e+03 1.477476479999999992e-16
7.386265702136420259e+03 1.536606720000000083e-16
7.390340229881579944e+03 1.551956640000000091e-16
7.394414757626739629e+03 1.562486559999999903e-16
7.398489285371900223e+03 1.559008640000000013e-16
7.402563813117059908e+03 1.533235680000000030e-16
7.406638340862219593e+03 1.544802880000000050e-16
7.410712868607380187e+03 1.552992800000000105e-16
7.414787396352539872e+03 1.505961119999999966e-16
7.418861924097699557e+03 1.491549919999999964e-16
7.422936451842860151e+03 1.505968320000000149e-16
7.427010979588019836e+03 1.507436480000000039e-16
7.431085507333170426e+03 1.457524320000000224e-16
7.435160035078330111e+03 1.491018719999999953e-16
7.439234562823489796e+03 1.556786240000000283e-16
7.443309090568650390e+03 1.546103040000000111e-16
7.447383618313810075e+03 1.560458080000000167e-16
7.451458146058969760e+03 1.570796159999999957e-16
7.455532673804130354e+03 1.567060160000000087e-16
7.459607201549290039e+03 1.517129439999999965e-16
7.463681729294449724e+03 1.466325760000000276e-16
7.467756257039610318e+03 1.550859840000000098e-16
7.471830784784759999e+03 1.613534400000000205e-16
7.475905312529919684e+03 1.585968319999999970e-16
7.479979840275080278e+03 1.585559680000000030e-16
7.484054368020239963e+03 1.549690560000000237e-16
7.488128895765399648e+03 1.447523039999999947e-16
7.492203423510560242e+03 1.454663200000000218e-16
7.496277951255719927e+03 1.450883680000000147e-16
7.500352479000879612e+03 1.568835040000000122e-16
7.504427006746040206e+03 1.580995520000000169e-16
7.508501534491199891e+03 1.461473280000000160e-16
7.512576062236359576e+03 1.398786240000000230e-16
7.516650589981520170e+03 1.461959520000000180e-16
7.520725117726669851e+03 1.498058240000000051e-16
7.524799645471830445e+03 1.568528960000000157e-16
7.528874173216990130e+03 1.577566400000000120e-16
7.532948700962149815e+03 1.523711520000000035e-16
7.537023228707310409e+03 1.534172000000000221e-16
7.541097756452470094e+03 1.503461920000000028e-16
7.545172284197629779e+03 1.458976800000000127e-16
7.549246811942790373e+03 1.463703360000000085e-16
7.553321339687950058e+03 1.475358560000000039e-16
7.557395867433109743e+03 1.459548000000000086e-16
7.561470395178270337e+03 1.452233600000000075e-16
7.565544922923430022e+03 1.491531199999999982e-16
7.569619450668579702e+03 1.470116480000000056e-16
7.573693978413740297e+03 1.495968799999999999e-16
7.577768506158899982e+03 1.447935999999999997e-16
7.581843033904059666e+03 1.301478880000000003e-16
7.585917561649220261e+03 1.284443519999999930e-16
7.589992089394379946e+03 1.264143999999999889e-16
7.594066617139539630e+03 1.150867200000000113e-16
7.598141144884700225e+03 1.072952000000000144e-16
7.602215672629859910e+03 1.257869119999999977e-16
7.606290200375019595e+03 1.618478400000000015e-16
7.610364728120170184e+03 1.600288000000000032e-16
7.614439255865329869e+03 1.438735360000000081e-16
7.618513783610489554e+03 1.483102080000000099e-16
7.622588311355650148e+03 1.427891040000000174e-16
7.626662839100809833e+03 1.356100960000000011e-16
7.630737366845970428e+03 1.289083840000000082e-16
7.634811894591130113e+03 1.389996640000000068e-16
7.638886422336289797e+03 1.421254719999999959e-16
7.642960950081450392e+03 1.387183040000000036e-16
7.647035477826610077e+03 1.540665120000000086e-16
7.651110005571769761e+03 1.496468800000000204e-16
7.655184533316930356e+03 1.521411680000000146e-16
7.659259061062090041e+03 1.498896000000000286e-16
7.663333588807239721e+03 1.336038560000000074e-16
7.667408116552400315e+03 1.366737920000000077e-16
7.671482644297560000e+03 1.364241920000000056e-16
7.675557172042719685e+03 1.383666400000000066e-16
7.679631699787880279e+03 1.445606239999999924e-16
7.683706227533039964e+03 1.443692800000000232e-16
7.687780755278199649e+03 1.382027840000000287e-16
7.691855283023360244e+03 1.365814080000000203e-16
7.695929810768519928e+03 1.403988640000000109e-16
7.700004338513679613e+03 1.246819999999999965e-16
7.704078866258840208e+03 1.188861279999999873e-16
7.708153394003989888e+03 1.332436000000000141e-16
7.712227921749149573e+03 1.487119200000000039e-16
7.716302449494310167e+03 1.378528800000000106e-16
7.720376977239469852e+03 1.230868480000000048e-16
7.724451504984630446e+03 1.269023039999999857e-16
7.728526032729790131e+03 1.379137920000000042e-16
7.732600560474949816e+03 1.428470400000000093e-16
7.736675088220110410e+03 1.341503040000000198e-16
7.740749615965270095e+03 1.414769919999999977e-16
7.744824143710429780e+03 1.546594880000000109e-16
7.748898671455590375e+03 1.505841439999999968e-16
7.752973199200740055e+03 1.356620800000000145e-16
7.757047726945899740e+03 1.348072480000000029e-16
7.761122254691060334e+03 1.324982400000000047e-16
7.765196782436220019e+03 1.337308319999999939e-16
7.769271310181379704e+03 1.435023520000000003e-16
7.773345837926540298e+03 1.358433280000000067e-16
7.777420365671699983e+03 1.389229280000000223e-16
7.781494893416859668e+03 1.502086559999999947e-16
7.785569421162020262e+03 1.481126080000000133e-16
7.789643948907179947e+03 1.484039360000000067e-16
7.793718476652339632e+03 1.411280480000000040e-16
7.797793004397490222e+03 1.399469599999999914e-16
7.801867532142649907e+03 1.365998080000000109e-16
7.805942059887809592e+03 1.348585600000000239e-16
7.810016587632970186e+03 1.374790080000000085e-16
7.814091115378129871e+03 1.374992960000000142e-16
7.818165643123289556e+03 1.405473440000000010e-16
7.822240170868450150e+03 1.412884800000000018e-16
7.826314698613609835e+03 1.471915359999999961e-16
7.830389226358770429e+03 1.424727520000000131e-16
7.834463754103930114e+03 1.370455840000000145e-16
7.838538281849089799e+03 1.446153920000000025e-16
7.842612809594250393e+03 1.458992160000000270e-16
7.846687337339400074e+03 1.456441120000000248e-16
7.850761865084559759e+03 1.565622400000000147e-16
7.854836392829720353e+03 1.537331519999999998e-16
7.858910920574880038e+03 1.452024480000000106e-16
7.862985448320039723e+03 1.442347360000000089e-16
7.867059976065200317e+03 1.388013120000000076e-16
7.871134503810360002e+03 1.483299360000000177e-16
7.875209031555519687e+03 1.516808960000000127e-16
7.879283559300680281e+03 1.450170559999999953e-16
7.883358087045839966e+03 1.483657120000000058e-16
7.887432614790999651e+03 1.449204479999999993e-16
7.891507142536150241e+03 1.467732640000000006e-16
7.895581670281309925e+03 1.453146720000000005e-16
7.899656198026469610e+03 1.689192000000000125e-16
7.903730725771630205e+03 1.643995200000000067e-16
7.907805253516789890e+03 1.716680000000000021e-16
7.911879781261949574e+03 1.609654400000000130e-16
7.915954309007110169e+03 1.541406400000000091e-16
7.920028836752269854e+03 1.570216000000000181e-16
7.924103364497430448e+03 1.467370880000000106e-16
7.928177892242590133e+03 1.486311520000000157e-16
7.932252419987749818e+03 1.475658720000000182e-16
7.936326947732900408e+03 1.465204640000000076e-16
7.940401475478060092e+03 1.494138880000000209e-16
7.944476003223219777e+03 1.402406880000000211e-16
7.948550530968380372e+03 1.391765120000000023e-16
7.952625058713540056e+03 1.409980959999999913e-16
7.956699586458699741e+03 1.412331680000000107e-16
7.960774114203860336e+03 1.350370080000000272e-16
7.964848641949020021e+03 1.360746720000000219e-16
7.968923169694179705e+03 1.418677920000000187e-16
7.972997697439340300e+03 1.330278400000000084e-16
7.977072225184499985e+03 1.302206079999999979e-16
7.981146752929659669e+03 1.421181600000000157e-16
7.985221280674820264e+03 1.413403840000000049e-16
7.989295808419969944e+03 1.427527680000000069e-16
7.993370336165129629e+03 1.509804160000000089e-16
7.997444863910290223e+03 1.427282720000000094e-16
8.001519391655449908e+03 1.393987680000000169e-16
8.005593919400609593e+03 1.364760480000000075e-16
8.009668447145770187e+03 1.321035520000000082e-16
8.013742974890929872e+03 1.354692960000000088e-16
8.017817502636089557e+03 1.350425120000000026e-16
8.021892030381250152e+03 1.329492320000000011e-16
8.025966558126399832e+03 1.352586080000000168e-16
8.030041085871570431e+03 1.449897440000000168e-16
8.034115613616720111e+03 1.500328960000000104e-16
8.038190141361879796e+03 1.465844480000000053e-16
8.042264669107040390e+03 1.416108160000000183e-16
8.046339196852200075e+03 1.430020800000000017e-16
8.050413724597359760e+03 1.390022080000000221e-16
8.054488252342520354e+03 1.317967199999999909e-16
8.058562780087680039e+03 1.451398080000000225e-16
8.062637307832839724e+03 1.410072960000000112e-16
8.066711835578000318e+03 1.345077920000000086e-16
8.070786363323160003e+03 1.359184160000000069e-16
8.074860891068319688e+03 1.341540480000000163e-16
8.078935418813470278e+03 1.333875360000000039e-16
8.083009946558629963e+03 1.355329600000000147e-16
8.087084474303789648e+03 1.351906239999999998e-16
8.091159002048950242e+03 1.328758240000000189e-16
8.095233529794109927e+03 1.330421759999999862e-16
8.099308057539269612e+03 1.305847840000000003e-16
8.103382585284430206e+03 1.301208799999999966e-16
8.107457113029589891e+03 1.356106560000000236e-16
8.111531640774749576e+03 1.346490240000000119e-16
8.115606168519910170e+03 1.286467039999999870e-16
8.119680696265059851e+03 1.297616800000000055e-16
8.123755224010220445e+03 1.381857120000000060e-16
8.127829751755380130e+03 1.383992160000000038e-16
8.131904279500539815e+03 1.309939679999999951e-16
8.135978807245700409e+03 1.290239360000000004e-16
8.140053334990860094e+03 1.217108480000000146e-16
8.144127862736019779e+03 1.253355840000000175e-16
8.148202390481180373e+03 1.235145919999999861e-16
8.152276918226340058e+03 1.277716959999999890e-16
8.156351445971499743e+03 1.285018719999999909e-16
8.160425973716660337e+03 1.252657919999999957e-16
8.164500501461810018e+03 1.233212960000000084e-16
8.168575029206969702e+03 1.246598240000000004e-16
8.172649556952130297e+03 1.324666880000000007e-16
8.176724084697289982e+03 1.287891839999999973e-16
8.180798612442449667e+03 1.279292640000000045e-16
8.184873140187610261e+03 1.267284960000000098e-16
8.188947667932769946e+03 1.322745119999999939e-16
8.193022195677929631e+03 1.281136000000000176e-16
8.197096723423090225e+03 1.274203200000000240e-16
8.201171251168250819e+03 1.203635359999999968e-16
8.205245778913409595e+03 1.172825120000000108e-16
8.209320306658570189e+03 1.261458400000000230e-16
8.213394834403719869e+03 1.255354880000000232e-16
8.217469362148880464e+03 1.192210559999999949e-16
8.221543889894039239e+03 1.236061440000000098e-16
8.225618417639199834e+03 1.282831199999999914e-16
8.229692945384360428e+03 1.288302080000000118e-16
8.233767473129519203e+03 1.251963520000000239e-16
8.237842000874679798e+03 1.283653920000000096e-16
8.241916528619840392e+03 1.321875519999999963e-16
8.245991056364999167e+03 1.247871999999999888e-16
8.250065584110159762e+03 1.218460160000000201e-16
8.254140111855320356e+03 1.251082240000000049e-16
8.258214639600479131e+03 1.300937760000000151e-16
8.262289167345630631e+03 1.270842239999999950e-16
8.266363695090789406e+03 1.226016959999999957e-16
8.270438222835950000e+03 1.285507519999999912e-16
8.274512750581110595e+03 1.296534880000000194e-16
8.278587278326269370e+03 1.199042879999999881e-16
8.282661806071429965e+03 1.232031840000000087e-16
8.286736333816590559e+03 1.302367840000000142e-16
8.290810861561749334e+03 1.240808480000000166e-16
8.294885389306909929e+03 1.378039840000000181e-16
8.298959917052059609e+03 1.465601440000000127e-16
8.303034444797220203e+03 1.379555040000000033e-16
8.307108972542380798e+03 1.336864640000000095e-16
8.311183500287539573e+03 1.265854400000000095e-16
8.315258028032700167e+03 1.191840160000000076e-16
8.319332555777860762e+03 1.239714400000000078e-16
8.323407083523019537e+03 1.269113600000000020e-16
8.327481611268180131e+03 1.301356960000000112e-16
8.331556139013340726e+03 1.306767040000000170e-16
8.335630666758499501e+03 1.282250720000000048e-16
8.339705194503660096e+03 1.273350399999999951e-16
8.343779722248820690e+03 1.233377440000000152e-16
8.347854249993979465e+03 1.225287359999999920e-16
8.351928777739129146e+03 1.315457439999999949e-16
8.356003305484289740e+03 1.364969600000000043e-16
8.360077833229450334e+03 1.298474880000000231e-16
8.364152360974609110e+03 1.222244319999999979e-16
8.368226888719769704e+03 1.294491520000000079e-16
8.372301416464930298e+03 1.336793760000000186e-16
8.376375944210090893e+03 1.271475680000000092e-16
8.380450471955249668e+03 1.274537280000000094e-16
8.384524999700410262e+03 1.269999039999999905e-16
8.388599527445570857e+03 1.225287199999999999e-16
8.392674055190720537e+03 1.190955040000000035e-16
8.396748582935890227e+03 1.313706240000000186e-16
8.400823110681039907e+03 1.325605600000000012e-16
8.404897638426200501e+03 1.268860000000000072e-16
8.408972166171359277e+03 1.206796480000000197e-16
8.413046693916519871e+03 1.210842880000000141e-16
8.417121221661680465e+03 1.216825280000000104e-16
8.421195749406839241e+03 1.130204319999999966e-16
8.425270277151999835e+03 1.269543360000000003e-16
8.429344804897160429e+03 1.280488320000000083e-16
8.433419332642319205e+03 1.355234559999999953e-16
8.437493860387479799e+03 1.358811040000000292e-16
8.441568388132629480e+03 1.304266879999999961e-16
8.445642915877790074e+03 1.327851520000000093e-16
8.449717443622950668e+03 1.277710720000000225e-16
8.453791971368109444e+03 1.202187520000000019e-16
8.457866499113270038e+03 1.247094399999999865e-16
8.461941026858430632e+03 1.346253760000000195e-16
8.466015554603589408e+03 1.399737440000000059e-16
8.470090082348750002e+03 1.389998879999999961e-16
8.474164610093910596e+03 1.335532640000000047e-16
8.478239137839069372e+03 1.305627040000000067e-16
8.482313665584229966e+03 1.288915360000000242e-16
8.486388193329390560e+03 1.305728640000000017e-16
8.490462721074540241e+03 1.328234720000000126e-16
8.494537248819700835e+03 1.302907200000000114e-16
8.498611776564859611e+03 1.302693919999999958e-16
8.502686304310020205e+03 1.303964800000000015e-16
8.506760832055180799e+03 1.252184960000000109e-16
8.510835359800339575e+03 1.259401280000000177e-16
8.514909887545500169e+03 1.294347839999999964e-16
8.518984415290660763e+03 1.272945120000000096e-16
8.523058943035819539e+03 1.277311359999999945e-16
8.527133470780980133e+03 1.270865919999999976e-16
8.531207998526140727e+03 1.351781920000000293e-16
8.535282526271290408e+03 1.401059520000000019e-16
8.539357054016449183e+03 1.261798400000000153e-16
8.543431581761609777e+03 1.247368480000000168e-16
8.547506109506770372e+03 1.251327039999999855e-16
8.551580637251929147e+03 1.315440640000000016e-16
8.555655164997089742e+03 1.412181439999999990e-16
8.559729692742250336e+03 1.382253120000000008e-16
8.563804220487409111e+03 1.383958720000000092e-16
8.567878748232569706e+03 1.267441920000000139e-16
8.571953275977730300e+03 1.306698080000000063e-16
8.576027803722890894e+03 1.378757919999999925e-16
8.580102331468040575e+03 1.321012960000000002e-16
8.584176859213199350e+03 1.363603840000000206e-16
8.588251386958359944e+03 1.247189920000000072e-16
8.592325914703520539e+03 1.206209440000000082e-16
8.596400442448679314e+03 1.339791040000000034e-16
8.600474970193839908e+03 1.366529119999999952e-16
8.604549497939000503e+03 1.354055840000000017e-16
8.608624025684159278e+03 1.310739679999999885e-16
8.612698553429319873e+03 1.305384799999999997e-16
8.616773081174480467e+03 1.285243359999999943e-16
8.620847608919639242e+03 1.225099999999999929e-16
8.624922136664799837e+03 1.238198239999999956e-16
8.628996664409960431e+03 1.277391679999999930e-16
8.633071192155110111e+03 1.282967520000000170e-16
8.637145719900270706e+03 1.263537919999999948e-16
8.641220247645429481e+03 1.266462240000000162e-16
8.645294775390590075e+03 1.294929440000000023e-16
8.649369303135750670e+03 1.338057920000000072e-16
8.653443830880909445e+03 1.349637600000000162e-16
8.657518358626070039e+03 1.305069120000000034e-16
8.661592886371230634e+03 1.309785440000000061e-16
8.665667414116389409e+03 1.355279680000000112e-16
8.669741941861550004e+03 1.424724480000000136e-16
8.673816469606699684e+03 1.367218080000000107e-16
8.677890997351860278e+03 1.276731199999999923e-16
8.681965525097020873e+03 1.332414239999999918e-16
8.686040052842179648e+03 1.310898079999999963e-16
8.690114580587340242e+03 1.358676480000000162e-16
8.694189108332500837e+03 1.375185600000000021e-16
8.698263636077659612e+03 1.299144160000000133e-16
8.702338163822820206e+03 1.277616319999999964e-16
8.706412691567980801e+03 1.287305440000000039e-16
8.710487219313139576e+03 1.366194400000000163e-16
8.714561747058289257e+03 1.245594880000000001e-16
8.718636274803460765e+03 1.264685279999999910e-16
8.722710802548610445e+03 1.194389760000000061e-16
8.726785330293769221e+03 1.208494560000000008e-16
8.730859858038929815e+03 1.394097759999999923e-16
8.734934385784090409e+03 1.403470879999999946e-16
8.739008913529249185e+03 1.378406399999999956e-16
8.743083441274409779e+03 1.257109279999999912e-16
8.747157969019570373e+03 1.245251360000000071e-16
8.751232496764729149e+03 1.240006400000000015e-16
8.755307024509889743e+03 1.151740160000000174e-16
8.759381552255050337e+03 1.186935040000000021e-16
8.763456080000200018e+03 1.289244639999999974e-16
8.767530607745360612e+03 1.367083680000000146e-16
8.771605135490519388e+03 1.211245920000000103e-16
8.775679663235679982e+03 1.120047519999999931e-16
8.779754190980840576e+03 1.110644160000000127e-16
8.783828718725999352e+03 1.158303040000000002e-16
8.787903246471159946e+03 1.281079999999999904e-16
8.791977774216320540e+03 1.278253599999999957e-16
8.796052301961479316e+03 1.278780800000000196e-16
8.800126829706639910e+03 1.379818720000000236e-16
8.804201357451800504e+03 1.367418720000000271e-16
8.808275885196959280e+03 1.253705120000000005e-16
8.812350412942110779e+03 1.350252639999999920e-16
8.816424940687269554e+03 1.511539040000000177e-16
8.820499468432430149e+03 1.467465760000000132e-16
8.824573996177590743e+03 1.403270240000000028e-16
8.828648523922749519e+03 1.245985120000000049e-16
8.832723051667910113e+03 1.094152320000000090e-16
8.836797579413070707e+03 1.198692800000000195e-16
8.840872107158229483e+03 1.316487999999999986e-16
8.844946634903390077e+03 1.361331520000000195e-16
8.849021162648550671e+03 1.308846720000000056e-16
8.853095690393700352e+03 1.288417440000000007e-16
8.857170218138870041e+03 1.260914559999999980e-16
8.861244745884019721e+03 1.157703520000000064e-16
8.865319273629180316e+03 1.191661119999999967e-16
8.869393801374339091e+03 1.294311840000000036e-16
8.873468329119499685e+03 1.550461760000000180e-16
8.877542856864660280e+03 1.567466720000000056e-16
8.881617384609820874e+03 1.445453440000000070e-16
8.885691912354979650e+03 1.441119519999999974e-16
8.889766440100140244e+03 1.263110719999999948e-16
8.893840967845300838e+03 1.131111199999999984e-16
8.897915495590459614e+03 1.182447040000000203e-16
8.901990023335609294e+03 1.244421599999999874e-16
8.906064551080769888e+03 1.206212319999999909e-16
8.910139078825930483e+03 1.248416800000000162e-16
8.914213606571089258e+03 1.128624799999999960e-16
8.918288134316249852e+03 1.042670400000000066e-16
8.922362662061410447e+03 1.105336320000000077e-16
8.926437189806569222e+03 1.185842560000000138e-16
8.930511717551729816e+03 1.230519520000000062e-16
8.934586245296890411e+03 1.253811520000000077e-16
8.938660773042049186e+03 1.295546880000000088e-16
8.942735300787200686e+03 1.215547840000000045e-16
8.946809828532359461e+03 1.133665600000000092e-16
8.950884356277520055e+03 1.194795840000000018e-16
8.954958884022680650e+03 1.235656159999999997e-16
8.959033411767839425e+03 1.346071200000000079e-16
8.963107939513000019e+03 1.356499360000000020e-16
8.967182467258160614e+03 1.276087680000000018e-16
8.971256995003319389e+03 1.196947199999999917e-16
8.975331522748479983e+03 1.273322560000000230e-16
8.979406050493640578e+03 1.379844639999999908e-16
8.983480578238799353e+03 1.290562240000000150e-16
8.987555105983959947e+03 1.284342720000000083e-16
8.991629633729120542e+03 1.164009759999999950e-16
8.995704161474270222e+03 1.095509919999999967e-16
8.999778689219430817e+03 1.201346880000000204e-16
9.003853216964589592e+03 1.247241599999999987e-16
9.007927744709750186e+03 1.290974400000000097e-16
9.012002272454910781e+03 1.183281920000000119e-16
9.016076800200069556e+03 1.127404479999999872e-16
9.020151327945230150e+03 1.229556480000000097e-16
9.024225855690390745e+03 1.156779199999999931e-16
9.028300383435549520e+03 1.214049759999999970e-16
9.032374911180710114e+03 1.413124960000000117e-16
9.036449438925870709e+03 1.382510719999999975e-16
9.040523966671020389e+03 1.269480160000000042e-16
9.044598494416179165e+03 1.391420960000000159e-16
9.048673022161339759e+03 1.250389440000000043e-16
9.052747549906500353e+03 1.201514720000000110e-16
9.056822077651659129e+03 1.276446080000000079e-16
9.060896605396819723e+03 1.318447520000000108e-16
9.064971133141980317e+03 1.196522720000000068e-16
9.069045660887139093e+03 1.191203199999999926e-16
9.073120188632299687e+03 1.306794880000000137e-16
9.077194716377460281e+03 1.248378400000000173e-16
9.081269244122620876e+03 1.111221920000000088e-16
9.085343771867770556e+03 1.143933759999999996e-16
9.089418299612929331e+03 1.283821760000000002e-16
9.093492827358089926e+03 1.238325920000000240e-16
9.097567355103250520e+03 1.229524160000000098e-16
9.101641882848409296e+03 1.241737760000000096e-16
9.105716410593569890e+03 1.128393760000000093e-16
9.109790938338730484e+03 1.263416320000000147e-16
9.113865466083889260e+03 1.212764639999999962e-16
9.117939993829049854e+03 1.175423520000000182e-16
9.122014521574210448e+03 1.134339680000000115e-16
9.126089049319369224e+03 1.146114719999999989e-16
9.130163577064529818e+03 1.132802240000000028e-16
9.134238104809679498e+03 1.212210720000000196e-16
9.138312632554840093e+03 1.253488159999999919e-16
9.142387160300000687e+03 1.154193279999999928e-16
9.146461688045159462e+03 1.208325280000000065e-16
9.150536215790320057e+03 1.226038400000000091e-16
9.154610743535480651e+03 1.268941120000000160e-16
9.158685271280639427e+03 1.296691680000000066e-16
9.162759799025800021e+03 1.183886240000000179e-16
9.166834326770960615e+03 1.211529920000000001e-16
9.170908854516119391e+03 1.215825439999999862e-16
9.174983382261270890e+03 1.224139680000000115e-16
9.179057910006440579e+03 1.245385280000000020e-16
9.183132437751590260e+03 1.122360000000000058e-16
9.187206965496750854e+03 1.200576800000000207e-16
9.191281493241909629e+03 1.214336000000000007e-16
9.195356020987070224e+03 1.252201600000000121e-16
9.199430548732230818e+03 1.290568159999999971e-16
9.203505076477389593e+03 1.285581759999999907e-16
9.207579604222550188e+03 1.301433119999999910e-16
9.211654131967710782e+03 1.244890400000000027e-16
9.215728659712869558e+03 1.218859999999999999e-16
9.219803187458030152e+03 1.257435839999999987e-16
9.223877715203179832e+03 1.188694880000000003e-16
9.227952242948340427e+03 1.198743680000000008e-16
9.232026770693499202e+03 1.176878080000000055e-16
9.236101298438659796e+03 1.117023680000000230e-16
9.240175826183820391e+03 1.086452480000000153e-16
9.244250353928979166e+03 1.218982399999999903e-16
9.248324881674139760e+03 1.310619200000000031e-16
9.252399409419300355e+03 1.122672319999999936e-16
9.256473937164459130e+03 1.160721760000000033e-16
9.260548464909619724e+03 1.271166559999999885e-16
9.264622992654780319e+03 1.165730880000000100e-16
9.268697520399939094e+03 1.218232800000000016e-16
9.272772048145099689e+03 1.263944160000000074e-16
9.276846575890249369e+03 1.146602720000000136e-16
9.280921103635409963e+03 1.112423200000000104e-16
9.284995631380570558e+03 1.142765120000000070e-16
9.289070159125729333e+03 1.235924319999999986e-16
9.293144686870889927e+03 1.213797279999999969e-16
9.297219214616050522e+03 1.113303680000000191e-16
9.301293742361209297e+03 1.162022719999999951e-16
9.305368270106369891e+03 1.073344799999999928e-16
9.309442797851530486e+03 1.243955360000000197e-16
9.313517325596680166e+03 1.205606720000000227e-16
9.317591853341840761e+03 1.077635519999999913e-16
9.321666381086999536e+03 1.135187040000000102e-16
9.325740908832160130e+03 9.783180800000000888e-17
9.329815436577320725e+03 8.534064000000000537e-17
9.333889964322479500e+03 1.021065760000000043e-16
9.337964492067640094e+03 1.164673120000000030e-16
9.342039019812800689e+03 1.016154240000000030e-16
9.346113547557959464e+03 8.556249600000000562e-17
9.350188075303120058e+03 9.653265600000001011e-17
9.354262603048280653e+03 1.120211840000000077e-16
9.358337130793439428e+03 1.367756800000000145e-16
9.362411658538589109e+03 1.715979200000000222e-16
9.366486186283749703e+03 1.354575680000000150e-16
9.370560714028910297e+03 9.176921599999999843e-17
9.374635241774070892e+03 1.212931359999999922e-16
9.378709769519229667e+03 1.567837440000000019e-16
9.382784297264390261e+03 1.364448639999999963e-16
9.386858825009550856e+03 1.030621439999999934e-16
9.390933352754709631e+03 1.102206560000000069e-16
9.395007880499870225e+03 1.068925920000000016e-16
9.399082408245030820e+03 1.000054240000000000e-16
9.403156935990189595e+03 1.249755520000000135e-16
9.407231463735350189e+03 1.246859680000000068e-16
9.411305991480499870e+03 1.091482880000000062e-16
9.415380519225660464e+03 1.098748160000000140e-16
9.419455046970819240e+03 1.121751840000000147e-16
9.423529574715979834e+03 1.097493440000000082e-16
9.427604102461140428e+03 1.006695200000000045e-16
9.431678630206299204e+03 1.061318080000000032e-16
9.435753157951459798e+03 1.140897600000000147e-16
9.439827685696620392e+03 1.117316639999999944e-16
9.443902213441779168e+03 1.085972640000000090e-16
9.447976741186939762e+03 1.215176480000000147e-16
9.452051268932100356e+03 1.214537440000000027e-16
9.456125796677250037e+03 1.230319840000000169e-16
9.460200324422410631e+03 1.369522080000000184e-16
9.464274852167569406e+03 1.428445280000000031e-16
9.468349379912730001e+03 1.235422080000000135e-16
9.472423907657890595e+03 1.094178240000000132e-16
9.476498435403049371e+03 1.148095040000000064e-16
9.480572963148209965e+03 1.172133119999999958e-16
9.484647490893370559e+03 1.148665440000000167e-16
9.488722018638529335e+03 1.056333920000000107e-16
9.492796546383689929e+03 9.295630399999999083e-17
9.496871074128839609e+03 9.421267200000000849e-17
9.500945601874000204e+03 1.199957440000000094e-16
9.505020129619160798e+03 1.295382880000000032e-16
9.509094657364319573e+03 1.247819840000000207e-16
9.513169185109480168e+03 1.255873120000000161e-16
9.517243712854640762e+03 1.269181280000000013e-16
9.521318240599799537e+03 1.192727679999999931e-16
9.525392768344960132e+03 1.196010399999999960e-16
9.529467296090120726e+03 1.336749759999999972e-16
9.533541823835279502e+03 1.236763839999999855e-16
9.537616351580440096e+03 1.140691519999999927e-16
9.541690879325589776e+03 1.131396320000000075e-16
9.545765407070759466e+03 1.000596480000000046e-16
9.549839934815920060e+03 1.238050080000000056e-16
9.553914462561069740e+03 1.442178240000000068e-16
9.557988990306230335e+03 1.372410080000000133e-16
9.562063518051389110e+03 1.179163679999999993e-16
9.566138045796549704e+03 1.281211520000000039e-16
9.570212573541710299e+03 1.407083200000000044e-16
9.574287101286870893e+03 1.444880800000000075e-16
9.578361629032029668e+03 1.161891040000000141e-16
9.582436156777190263e+03 1.078337120000000061e-16
9.586510684522350857e+03 1.114049280000000059e-16
9.590585212267509633e+03 1.157398560000000045e-16
9.594659740012659313e+03 1.174777280000000126e-16
9.598734267757819907e+03 1.225075200000000203e-16
9.602808795502980502e+03 1.193703679999999979e-16
9.606883323248139277e+03 1.136228000000000238e-16
9.610957850993299871e+03 1.115932479999999969e-16
9.615032378738460466e+03 1.085634880000000060e-16
9.619106906483619241e+03 1.175283040000000231e-16
9.623181434228779835e+03 1.233152640000000196e-16
9.627255961973940430e+03 1.312187839999999925e-16
9.631330489719099205e+03 1.121250720000000242e-16
9.635405017464250705e+03 1.007246080000000063e-16
9.639479545209420394e+03 1.141262880000000054e-16
9.643554072954570074e+03 1.121879840000000028e-16
9.647628600699730669e+03 1.155922400000000116e-16
9.651703128444889444e+03 1.148934720000000102e-16
9.655777656190050038e+03 1.133929439999999970e-16
9.659852183935210633e+03 1.257290880000000004e-16
9.663926711680369408e+03 1.375986880000000069e-16
9.668001239425530002e+03 1.378688800000000142e-16
9.672075767170690597e+03 1.304354080000000039e-16
9.676150294915849372e+03 1.387662240000000041e-16
9.680224822661009966e+03 1.196915359999999930e-16
9.684299350406159647e+03 1.115463680000000063e-16
9.688373878151320241e+03 1.288174560000000003e-16
9.692448405896480836e+03 1.309151680000000075e-16
9.696522933641639611e+03 1.218912000000000005e-16
9.700597461386800205e+03 1.200425920000000156e-16
9.704671989131960800e+03 1.382313760000000233e-16
9.708746516877119575e+03 1.194843840000000004e-16
9.712821044622280169e+03 1.044003839999999904e-16
9.716895572367440764e+03 1.408782080000000204e-16
9.720970100112599539e+03 1.372199839999999972e-16
9.725044627857749219e+03 1.197839999999999906e-16
9.729119155602909814e+03 1.158722239999999964e-16
9.733193683348070408e+03 1.053918080000000026e-16
9.737268211093229183e+03 1.106827840000000149e-16
9.741342738838389778e+03 1.103659519999999984e-16
9.745417266583550372e+03 1.195516639999999913e-16
9.749491794328709148e+03 1.183229440000000101e-16
9.753566322073869742e+03 1.152550880000000051e-16
9.757640849819030336e+03 1.159282080000000045e-16
9.761715377564189112e+03 1.208340320000000118e-16
9.765789905309349706e+03 1.222700799999999983e-16
9.769864433054510300e+03 1.215478720000000015e-16
9.773938960799670895e+03 1.157652480000000083e-16
9.778013488544820575e+03 1.006765440000000021e-16
9.782088016289979350e+03 1.270162400000000026e-16
9.786162544035139945e+03 1.300616800000000054e-16
9.790237071780300539e+03 9.075084800000000061e-17
9.794311599525459314e+03 1.064459360000000086e-16
9.798386127270619909e+03 1.361651040000000008e-16
9.802460655015780503e+03 1.316982879999999979e-16
9.806535182760939279e+03 1.096973279999999981e-16
9.810609710506099873e+03 1.073387040000000014e-16
9.814684238251260467e+03 1.148306080000000081e-16
9.818758765996419243e+03 1.134573920000000147e-16
9.822833293741570742e+03 9.746899200000000812e-17
9.826907821486729517e+03 1.205821919999999939e-16
9.830982349231890112e+03 1.201715519999999950e-16
9.835056876977050706e+03 1.005582720000000065e-16
9.839131404722209481e+03 1.052315360000000006e-16
9.843205932467370076e+03 1.202978880000000227e-16
9.847280460212530670e+03 1.283944320000000074e-16
9.851354987957689445e+03 1.268278400000000014e-16
9.855429515702850040e+03 1.277790240000000107e-16
9.859504043448010634e+03 1.250370720000000060e-16
9.863578571193169410e+03 1.226419040000000141e-16
9.867653098938320909e+03 1.041121599999999978e-16
9.871727626683479684e+03 1.497596960000000171e-16
9.875802154428640279e+03 1.415358880000000140e-16
9.879876682173800873e+03 1.283363359999999949e-16
9.883951209918959648e+03 1.362970400000000064e-16
9.888025737664120243e+03 1.272595680000000098e-16
9.892100265409280837e+03 1.223514400000000180e-16
9.896174793154439612e+03 1.248676320000000178e-16
9.900249320899600207e+03 9.686353599999999706e-17
9.904323848644760801e+03 9.609411200000000115e-17
9.908398376389919576e+03 1.413367360000000109e-16
9.912472904135080171e+03 1.485855680000000087e-16
9.916547431880229851e+03 1.303577920000000052e-16
9.920621959625390446e+03 1.233098079999999961e-16
9.924696487370549221e+03 1.156742239999999979e-16
9.928771015115709815e+03 1.165756959999999940e-16
9.932845542860870410e+03 1.178375199999999859e-16
9.936920070606029185e+03 1.205007359999999964e-16
9.940994598351189779e+03 1.261290560000000077e-16
9.945069126096350374e+03 1.359763200000000145e-16
9.949143653841509149e+03 1.314586720000000027e-16
9.953218181586669743e+03 1.021887040000000065e-16
9.957292709331830338e+03 1.220789759999999859e-16
9.961367237076989113e+03 1.341788960000000145e-16
9.965441764822140613e+03 1.010938720000000147e-16
9.969516292567299388e+03 1.151990400000000036e-16
9.973590820312459982e+03 1.185624000000000094e-16
