3.332667480468800022e+03 5.085622300000000171e-17
3.336741243230500004e+03 1.116163399999999957e-16
3.340815005992189981e+03 -4.080636999999999806e-17
3.344888768753879958e+03 8.131383699999999834e-17
3.348962531515569935e+03 2.976379999999999951e-18
3.353036294277269917e+03 1.366036100000000068e-16
3.357110057038959894e+03 3.448530800000000472e-17
3.361183819800649871e+03 -6.328243900000001179e-17
3.365257582562339849e+03 -6.037476500000000031e-17
3.369331345324039830e+03 2.260229400000000476e-17
3.373405108085729807e+03 3.420663399999999982e-17
3.377478870847419785e+03 3.604244600000000079e-17
3.381552633609110217e+03 2.230435900000000281e-17
3.385626396370810198e+03 -6.606235900000000832e-18
3.389700159132500175e+03 -1.978469900000000276e-18
3.393773921894190153e+03 -4.814792400000000000e-17
3.397847684655880130e+03 3.179116600000000194e-17
3.401921447417570107e+03 4.255890100000000345e-17
3.405995210179270089e+03 -3.272261300000000009e-17
3.410068972940960066e+03 -5.431315999999999951e-17
3.414142735702650043e+03 3.336323100000000468e-18
3.418216498464340020e+03 2.599045900000000355e-17
3.422290261226040002e+03 1.590155599999999856e-17
3.426364023987729979e+03 1.483048600000000199e-17
3.430437786749419956e+03 1.130793400000000009e-16
3.434511549511109934e+03 1.519851299999999949e-16
3.438585312272809915e+03 5.533407000000000589e-18
3.442659075034499892e+03 -1.354313400000000188e-17
3.446732837796189870e+03 2.264658000000000141e-17
3.450806600557879847e+03 4.074642000000000016e-17
3.454880363319579828e+03 -1.372143300000000280e-18
3.458954126081269806e+03 -1.867027800000000298e-17
3.463027888842959783e+03 2.463076000000000097e-17
3.467101651604650215e+03 3.428561400000000431e-17
3.471175414366350196e+03 -1.714740500000000078e-17
3.475249177128040174e+03 5.243632900000000010e-18
3.479322939889730151e+03 -2.724208300000000142e-17
3.483396702651420128e+03 -6.849841900000000982e-18
3.487470465413120110e+03 3.838233299999999882e-18
3.491544228174810087e+03 -4.452526100000000351e-17
3.495617990936500064e+03 -3.968371000000000221e-17
3.499691753698190041e+03 -1.437990399999999962e-17
3.503765516459890023e+03 4.433658900000000563e-17
3.507839279221580000e+03 -6.454241199999999978e-18
3.511913041983269977e+03 -8.182251000000000790e-18
3.515986804744959954e+03 -1.195004800000000157e-17
3.520060567506649932e+03 2.371059899999999972e-17
3.524134330268349913e+03 2.309072700000000293e-18
3.528208093030039890e+03 -2.094215200000000125e-17
3.532281855791729868e+03 -2.673496100000000120e-18
3.536355618553419845e+03 1.332835900000000065e-17
3.540429381315119826e+03 5.321937500000000652e-17
3.544503144076809804e+03 2.847343400000000016e-17
3.548576906838499781e+03 3.091282700000000463e-17
3.552650669600190213e+03 3.048494900000000482e-18
3.556724432361890194e+03 3.000959500000000491e-17
3.560798195123580172e+03 1.474668800000000151e-17
3.564871957885270149e+03 -5.219031400000000118e-18
3.568945720646960126e+03 9.927479100000000404e-18
3.573019483408660108e+03 -1.793808500000000126e-17
3.577093246170350085e+03 2.890083900000000054e-17
3.581167008932040062e+03 2.095758499999999971e-17
3.585240771693730039e+03 -9.679596300000000590e-18
3.589314534455430021e+03 7.755514800000001158e-18
3.593388297217119998e+03 8.065341900000000408e-18
3.597462059978809975e+03 1.570121300000000221e-17
3.601535822740499952e+03 3.902219200000000570e-17
3.605609585502199934e+03 3.592316200000000009e-17
3.609683348263889911e+03 3.347559600000000277e-17
3.613757111025579889e+03 -6.137187100000000573e-18
3.617830873787269866e+03 -2.806345299999999923e-18
3.621904636548969847e+03 -5.915503000000000300e-19
3.625978399310659825e+03 2.239795800000000255e-17
3.630052162072349802e+03 1.712388700000000349e-17
3.634125924834039779e+03 -5.166911200000000681e-18
3.638199687595730211e+03 1.473356500000000315e-17
3.642273450357430193e+03 -2.068853600000000296e-17
3.646347213119120170e+03 -1.136898400000000178e-17
3.650420975880810147e+03 -8.523031000000000297e-18
3.654494738642510129e+03 9.929157700000001066e-20
3.658568501404200106e+03 2.022194900000000096e-17
3.662642264165890083e+03 4.442580999999999796e-18
3.666716026927580060e+03 3.889091800000000665e-17
3.670789789689270037e+03 6.005054000000000618e-18
3.674863552450970019e+03 -6.518926700000000249e-18
3.678937315212659996e+03 2.107970700000000160e-17
3.683011077974349973e+03 2.072482500000000404e-18
3.687084840736039951e+03 1.112486100000000211e-17
3.691158603497739932e+03 2.919082100000000085e-18
3.695232366259429909e+03 -1.323415500000000198e-17
3.699306129021119887e+03 7.446612800000000642e-18
3.703379891782809864e+03 1.812534900000000242e-17
3.707453654544509845e+03 1.162073000000000087e-17
3.711527417306199823e+03 5.042072200000000940e-18
3.715601180067889800e+03 6.166959700000000187e-18
3.719674942829579777e+03 -7.925408700000000551e-19
3.723748705591280213e+03 1.741961100000000169e-17
3.727822468352970191e+03 -4.135526999999999981e-18
3.731896231114660168e+03 1.422864300000000050e-17
3.735969993876350145e+03 1.473968100000000026e-17
3.740043756638050127e+03 1.931217200000000247e-17
3.744117519399740104e+03 1.992934899999999991e-17
3.748191282161430081e+03 6.251743300000000685e-18
3.752265044923120058e+03 3.744860900000000525e-19
3.756338807684810035e+03 1.020539190000000159e-17
3.760412570446510017e+03 -4.748764900000000218e-18
3.764486333208199994e+03 -2.310790900000000093e-19
3.768560095969889971e+03 -6.807318100000000656e-19
3.772633858731589953e+03 -1.282416300000000102e-17
3.776707621493279930e+03 5.648600100000000540e-18
3.780781384254969907e+03 -1.294690100000000109e-17
3.784855147016659885e+03 -1.456021600000000120e-18
3.788928909778349862e+03 1.289875400000000038e-17
3.793002672540049844e+03 4.731871100000000925e-18
3.797076435301739821e+03 -2.203533200000000378e-18
3.801150198063429798e+03 1.265273900000000146e-17
3.805223960825119775e+03 -6.084849099999999766e-18
3.809297723586820211e+03 1.326891500000000070e-17
3.813371486348510189e+03 3.209239000000000061e-18
3.817445249110200166e+03 1.555940100000000163e-17
3.821519011871890143e+03 3.025653400000000417e-17
3.825592774633590125e+03 3.512008500000000120e-17
3.829666537395280102e+03 6.952438900000000653e-18
3.833740300156970079e+03 -2.709042600000000457e-18
3.837814062918660056e+03 1.133002200000000062e-17
3.841887825680360038e+03 -2.630906299999999850e-18
3.845961588442050015e+03 1.247775100000000232e-17
3.850035351203739992e+03 1.121436800000000119e-17
3.854109113965429970e+03 7.118886499999999579e-18
3.858182876727129951e+03 1.237830000000000254e-18
3.862256639488819928e+03 3.831108600000000476e-18
3.866330402250509906e+03 1.644992799999999923e-17
3.870404165012199883e+03 1.130950700000000139e-18
3.874477927773899864e+03 -3.178704100000000274e-18
3.878551690535589842e+03 9.951372200000001465e-18
3.882625453297279819e+03 9.155164700000000843e-18
3.886699216058969796e+03 1.493812100000000273e-17
3.890772978820659773e+03 2.212060400000000035e-17
3.894846741582360210e+03 1.575162600000000139e-17
3.898920504344050187e+03 -7.209820200000000262e-18
3.902994267105740164e+03 1.205408600000000073e-18
3.907068029867430141e+03 9.504323400000000781e-18
3.911141792629130123e+03 -4.776430999999999756e-18
3.915215555390820100e+03 -8.194992300000000443e-18
3.919289318152510077e+03 7.836445100000000934e-18
3.923363080914200054e+03 1.346824600000000114e-17
3.927436843675900036e+03 1.369287700000000098e-17
3.931510606437590013e+03 1.733586800000000054e-17
3.935584369199279990e+03 -4.120449300000000476e-18
3.939658131960969968e+03 1.121375199999999993e-17
3.943731894722669949e+03 -3.997745399999999925e-19
3.947805657484359926e+03 4.174143600000000265e-19
3.951879420246049904e+03 1.473512700000000173e-17
3.955953183007739881e+03 1.025905540000000010e-17
3.960026945769439862e+03 2.556891700000000207e-17
3.964100708531129840e+03 1.296765800000000120e-17
3.968174471292819817e+03 7.466520600000001482e-18
3.972248234054509794e+03 1.766693500000000251e-17
3.976321996816209776e+03 1.334462800000000082e-17
3.980395759577900208e+03 8.230105399999999816e-18
3.984469522339590185e+03 -9.966343200000000520e-18
3.988543285101280162e+03 -1.318050800000000080e-17
3.992617047862980144e+03 8.463449500000000457e-18
3.996690810624670121e+03 8.282107900000001863e-18
4.000764573386360098e+03 4.597103499999999815e-18
4.004838336148050075e+03 1.809195300000000235e-19
4.008912098909750057e+03 -1.413649600000000065e-17
4.012985861671440034e+03 -6.879352700000000676e-18
4.017059624433130011e+03 7.132926900000000274e-18
4.021133387194819989e+03 -3.622522200000000470e-19
4.025207149956509966e+03 5.382917099999999887e-18
4.029280912718209947e+03 2.414536299999999976e-18
4.033354675479899925e+03 1.162917799999999967e-17
4.037428438241589902e+03 1.035674310000000074e-17
4.041502201003279879e+03 -4.718887800000000198e-19
4.045575963764979861e+03 3.316310800000000570e-18
4.049649726526669838e+03 2.118207300000000003e-17
4.053723489288359815e+03 1.435176600000000212e-17
4.057797252050049792e+03 9.585478100000000709e-18
4.061871014811749774e+03 2.014842500000000147e-17
4.065944777573440206e+03 3.097579100000000253e-18
4.070018540335130183e+03 2.398816200000000235e-18
4.074092303096820160e+03 1.489288900000000260e-17
4.078166065858520142e+03 4.769268899999999812e-18
4.082239828620210119e+03 8.311531800000001302e-18
4.086313591381900096e+03 1.411696000000000072e-17
4.090387354143590073e+03 2.787568300000000396e-18
4.094461116905280051e+03 6.593455000000000789e-18
4.098534879666979577e+03 5.361324100000000375e-18
4.102608642428669555e+03 2.094358200000000341e-18
4.106682405190360441e+03 6.877064700000000615e-18
4.110756167952060423e+03 3.880625100000000516e-18
4.114829930713750400e+03 6.672076400000000385e-18
4.118903693475440377e+03 5.458602600000001101e-18
4.122977456237130355e+03 1.130756000000000087e-17
4.127051218998830336e+03 1.115062300000000091e-17
4.131124981760520313e+03 5.142604500000000776e-18
4.135198744522210291e+03 7.156055500000000926e-18
4.139272507283900268e+03 6.466705300000000759e-18
4.143346270045590245e+03 6.751958400000000559e-18
4.147420032807290227e+03 1.200524600000000053e-17
4.151493795568980204e+03 6.547789600000000080e-18
4.155567558330670181e+03 -3.330853900000000213e-18
4.159641321092360158e+03 5.313862400000000072e-18
4.163715083854060140e+03 3.263440400000000522e-18
4.167788846615750117e+03 2.621155900000000001e-17
4.171862609377440094e+03 1.073523220000000185e-17
4.175936372139130071e+03 5.236150700000001028e-18
4.180010134900830053e+03 2.921576900000000569e-17
4.184083897662520030e+03 1.843437199999999933e-17
4.188157660424210007e+03 6.757153700000000175e-18
4.192231423185899985e+03 1.335076600000000106e-17
4.196305185947599966e+03 1.821117100000000089e-17
4.200378948709289944e+03 1.268615700000000207e-17
4.204452711470979921e+03 5.410509499999999814e-18
4.208526474232669898e+03 1.880942800000000274e-17
4.212600236994369880e+03 1.792465400000000227e-17
4.216673999756059857e+03 5.564472100000000921e-18
4.220747762517749834e+03 7.852826300000001181e-18
4.224821525279439811e+03 -6.174009600000000440e-19
4.228895288041139793e+03 1.019702090000000218e-17
4.232969050802829770e+03 3.001073900000000108e-17
4.237042813564519747e+03 4.396469000000000329e-17
4.241116576326209724e+03 2.740791900000000186e-17
4.245190339087909706e+03 2.214439700000000051e-17
4.249264101849599683e+03 1.533939000000000201e-17
4.253337864611289660e+03 1.254133100000000148e-17
4.257411627372979638e+03 8.229664300000000531e-18
4.261485390134669615e+03 2.369033700000000294e-17
4.265559152896369596e+03 1.900787900000000138e-17
4.269632915658059574e+03 3.913567900000000301e-18
4.273706678419749551e+03 1.106649499999999975e-17
4.277780441181440438e+03 8.156804700000000556e-18
4.281854203943140419e+03 1.212105400000000182e-17
4.285927966704830396e+03 1.745256700000000134e-17
4.290001729466520374e+03 1.552157200000000047e-17
4.294075492228210351e+03 4.132074099999999770e-18
4.298149254989910332e+03 1.294319400000000197e-17
4.302223017751600310e+03 8.117763500000000154e-18
4.306296780513290287e+03 1.305823200000000014e-17
4.310370543274980264e+03 1.137424200000000022e-17
4.314444306036680246e+03 8.508205200000002155e-18
4.318518068798370223e+03 1.170445100000000197e-17
4.322591831560060200e+03 1.681912100000000066e-17
4.326665594321760182e+03 9.179739800000000218e-18
4.330739357083450159e+03 1.689216100000000223e-17
4.334813119845140136e+03 1.075653370000000038e-17
4.338886882606830113e+03 1.313164600000000095e-17
4.342960645368520090e+03 4.983011000000000394e-18
4.347034408130220072e+03 1.064417750000000015e-17
4.351108170891910049e+03 1.713820900000000353e-17
4.355181933653600026e+03 9.996509600000000708e-19
4.359255696415290004e+03 9.061789000000001325e-18
4.363329459176989985e+03 9.022899600000001388e-18
4.367403221938679962e+03 1.058946350000000064e-17
4.371476984700369940e+03 8.806649500000000295e-18
4.375550747462059917e+03 1.500438499999999968e-17
4.379624510223749894e+03 1.481991500000000270e-17
4.383698272985449876e+03 1.849989900000000017e-17
4.387772035747139853e+03 2.005273600000000207e-17
4.391845798508829830e+03 6.449172400000000235e-18
4.395919561270519807e+03 4.179054000000000474e-18
4.399993324032219789e+03 1.677809100000000142e-17
4.404067086793909766e+03 1.441261800000000033e-17
4.408140849555599743e+03 1.667112700000000129e-17
4.412214612317289721e+03 9.539803899999999827e-18
4.416288375078989702e+03 1.804501600000000364e-17
4.420362137840679679e+03 2.269609100000000337e-17
4.424435900602369657e+03 2.230783500000000068e-17
4.428509663364059634e+03 1.417454500000000226e-17
4.432583426125749611e+03 -8.158308400000000783e-19
4.436657188887449593e+03 2.256552100000000345e-18
4.440730951649139570e+03 1.132255299999999997e-17
4.444804714410829547e+03 1.496167200000000086e-17
4.448878477172530438e+03 1.365112100000000026e-17
4.452952239934220415e+03 1.484017699999999949e-17
4.457026002695910393e+03 5.444276200000000591e-18
4.461099765457600370e+03 1.019679760000000041e-17
4.465173528219300351e+03 1.218772500000000037e-17
4.469247290980990329e+03 8.851003700000000016e-18
4.473321053742680306e+03 9.111061299999999478e-18
4.477394816504370283e+03 8.162181500000000159e-18
4.481468579266070265e+03 1.293613200000000139e-17
4.485542342027760242e+03 1.211640100000000077e-17
4.489616104789450219e+03 1.458096200000000283e-17
4.493689867551140196e+03 1.469769400000000138e-17
4.497763630312840178e+03 1.542410099999999897e-17
4.501837393074530155e+03 1.261225900000000028e-17
4.505911155836220132e+03 1.531675200000000036e-17
4.509984918597910109e+03 1.833786900000000289e-17
4.514058681359600087e+03 1.520599300000000247e-17
4.518132444121300068e+03 1.598127300000000225e-17
4.522206206882990045e+03 1.653198800000000078e-17
4.526279969644680023e+03 9.269768200000000820e-18
4.530353732406370000e+03 -1.402635300000000094e-18
4.534427495168069981e+03 1.002283150000000112e-17
4.538501257929759959e+03 1.163285200000000103e-17
4.542575020691449936e+03 1.882761099999999913e-17
4.546648783453139913e+03 1.473810799999999935e-17
4.550722546214839895e+03 1.477419900000000158e-17
4.554796308976529872e+03 2.089373000000000230e-17
4.558870071738219849e+03 1.379116200000000107e-17
4.562943834499909826e+03 1.575026199999999860e-17
4.567017597261609808e+03 1.444962200000000211e-17
4.571091360023299785e+03 8.007184900000000787e-18
4.575165122784989762e+03 8.363331900000000160e-18
4.579238885546679739e+03 1.334367100000000117e-17
4.583312648308379721e+03 1.102300100000000164e-17
4.587386411070069698e+03 5.867988500000000891e-18
4.591460173831759676e+03 9.479693300000000523e-18
4.595533936593449653e+03 8.745657799999999264e-18
4.599607699355139630e+03 8.729279900000000334e-18
4.603681462116839612e+03 1.410081200000000157e-17
4.607755224878529589e+03 2.111321300000000392e-17
4.611828987640219566e+03 1.900551400000000193e-17
4.615902750401919548e+03 1.862756500000000108e-17
4.619976513163610434e+03 2.199642500000000273e-17
4.624050275925300411e+03 1.923218000000000208e-17
4.628124038686990389e+03 1.676862000000000130e-17
4.632197801448690370e+03 1.435723300000000022e-17
4.636271564210380348e+03 1.266229800000000023e-17
4.640345326972070325e+03 1.423053500000000129e-17
4.644419089733760302e+03 1.849900800000000220e-17
4.648492852495450279e+03 2.169211000000000313e-17
4.652566615257150261e+03 1.914246400000000335e-17
4.656640378018840238e+03 1.632837800000000160e-17
4.660714140780530215e+03 1.165161800000000092e-17
4.664787903542220192e+03 1.640392600000000215e-17
4.668861666303920174e+03 1.131093700000000239e-17
4.672935429065610151e+03 1.259146900000000087e-17
4.677009191827300128e+03 8.589990200000000831e-18
4.681082954588990106e+03 2.569936600000000174e-17
4.685156717350690087e+03 2.527301700000000352e-17
4.689230480112380064e+03 1.087994270000000105e-17
4.693304242874070042e+03 3.424500200000000208e-18
4.697378005635760019e+03 1.626186100000000028e-17
4.701451768397460000e+03 9.221683900000000475e-18
4.705525531159149978e+03 1.792242100000000002e-17
4.709599293920839955e+03 2.132736100000000156e-17
4.713673056682529932e+03 9.797587799999999798e-18
4.717746819444219909e+03 8.740650600000000726e-18
4.721820582205919891e+03 1.217811100000000073e-17
4.725894344967609868e+03 1.295146600000000196e-17
4.729968107729299845e+03 1.636926500000000131e-17
4.734041870490999827e+03 2.293535200000000079e-17
4.738115633252689804e+03 2.447432900000000205e-17
4.742189396014379781e+03 1.993035000000000273e-17
4.746263158776069758e+03 1.667311800000000151e-17
4.750336921537759736e+03 2.104897300000000187e-17
4.754410684299459717e+03 1.561366400000000098e-17
4.758484447061149694e+03 1.477940200000000221e-17
4.762558209822839672e+03 1.702484300000000108e-17
4.766631972584529649e+03 2.361608700000000042e-17
4.770705735346229631e+03 1.583551199999999897e-17
4.774779498107919608e+03 6.294730200000000149e-18
4.778853260869609585e+03 1.261213800000000234e-17
4.782927023631299562e+03 2.570710999999999910e-17
4.787000786393000453e+03 2.518883400000000147e-17
4.791074549154690430e+03 2.676490300000000162e-17
4.795148311916380408e+03 2.507689800000000349e-17
4.799222074678070385e+03 1.209829500000000069e-17
4.803295837439770366e+03 2.052811200000000126e-17
4.807369600201460344e+03 2.537572400000000341e-17
4.811443362963150321e+03 1.172349200000000011e-17
4.815517125724840298e+03 1.613943100000000085e-17
4.819590888486540280e+03 1.924287200000000239e-17
4.823664651248230257e+03 9.088939199999999731e-18
4.827738414009920234e+03 9.026204000000000139e-18
4.831812176771610211e+03 2.195128100000000278e-17
4.835885939533310193e+03 1.982178000000000085e-17
4.839959702295000170e+03 1.503713200000000122e-17
4.844033465056690147e+03 3.679937800000000615e-18
4.848107227818380125e+03 8.514382800000001240e-18
4.852180990580070102e+03 1.365901900000000101e-17
4.856254753341770083e+03 1.885262500000000256e-17
4.860328516103460061e+03 1.788470200000000371e-17
4.864402278865150038e+03 2.433362800000000297e-17
4.868476041626840015e+03 1.861797299999999993e-17
4.872549804388539997e+03 1.927743400000000071e-17
4.876623567150229974e+03 2.192023900000000242e-17
4.880697329911919951e+03 1.891659000000000174e-17
4.884771092673619933e+03 2.112937200000000233e-17
4.888844855435309910e+03 1.972275800000000002e-17
4.892918618196999887e+03 2.031792400000000248e-17
4.896992380958689864e+03 2.257095500000000302e-17
4.901066143720379841e+03 2.809836700000000366e-17
4.905139906482079823e+03 1.600409800000000043e-17
4.909213669243769800e+03 2.893906400000000251e-17
4.913287432005459777e+03 2.226670600000000201e-17
4.917361194767149755e+03 1.705238700000000198e-17
4.921434957528849736e+03 1.905667499999999956e-17
4.925508720290539713e+03 1.577474800000000095e-17
4.929582483052229691e+03 1.474559900000000159e-17
4.933656245813919668e+03 1.438013500000000241e-17
4.937730008575619649e+03 2.205600100000000140e-17
4.941803771337309627e+03 2.324115200000000420e-17
4.945877534098999604e+03 1.810370100000000126e-17
4.949951296860689581e+03 1.472741599999999904e-17
4.954025059622389563e+03 2.357894000000000220e-17
4.958098822384080449e+03 2.369857600000000362e-17
4.962172585145770427e+03 9.702432300000001106e-18
4.966246347907460404e+03 1.732439500000000094e-17
4.970320110669160385e+03 2.604331400000000311e-17
4.974393873430850363e+03 1.657709899999999989e-17
4.978467636192540340e+03 1.452129800000000089e-17
4.982541398954230317e+03 1.907335100000000287e-17
4.986615161715930299e+03 2.009614200000000309e-17
4.990688924477620276e+03 2.506656900000000315e-17
4.994762687239310253e+03 2.009372200000000122e-17
4.998836450001000230e+03 2.219409500000000208e-17
5.002910212762690207e+03 1.993153800000000208e-17
5.006983975524390189e+03 7.003525100000000285e-18
5.011057738286080166e+03 1.850018500000000230e-17
5.015131501047770143e+03 2.229194000000000281e-17
5.019205263809460121e+03 1.889046500000000297e-17
5.023279026571160102e+03 2.297100300000000211e-17
5.027352789332850080e+03 1.439419300000000191e-17
5.031426552094540057e+03 1.789311700000000167e-17
5.035500314856230034e+03 2.679063200000000266e-17
5.039574077617930016e+03 2.192114100000000272e-17
5.043647840379619993e+03 1.648691000000000251e-17
5.047721603141309970e+03 2.526949700000000247e-17
5.051795365902999947e+03 2.826600700000000164e-17
5.055869128664699929e+03 2.913408300000000028e-17
5.059942891426389906e+03 2.406406200000000439e-17
5.064016654188079883e+03 2.641109900000000165e-17
5.068090416949769860e+03 3.014437800000000574e-17
5.072164179711469842e+03 1.803346600000000003e-17
5.076237942473159819e+03 2.506584300000000012e-17
5.080311705234849796e+03 2.335416599999999977e-17
5.084385467996539774e+03 2.112150700000000087e-17
5.088459230758239755e+03 1.867442500000000146e-17
5.092532993519929732e+03 1.051526960000000202e-17
5.096606756281619710e+03 2.312127400000000074e-17
5.100680519043309687e+03 2.492163300000000233e-17
5.104754281805009668e+03 1.959496000000000193e-17
5.108828044566699646e+03 1.511218500000000153e-17
5.112901807328389623e+03 2.040633100000000084e-17
5.116975570090079600e+03 1.962290000000000056e-17
5.121049332851779582e+03 2.523886200000000217e-17
5.125123095613469559e+03 1.894875400000000286e-17
5.129196858375160446e+03 1.715444500000000286e-17
5.133270621136850423e+03 2.730689500000000156e-17
5.137344383898540400e+03 2.064212700000000273e-17
5.141418146660240382e+03 1.255917300000000102e-17
5.145491909421930359e+03 1.687639800000000156e-17
5.149565672183620336e+03 1.836770099999999924e-17
5.153639434945310313e+03 1.137576000000000178e-17
5.157713197707010295e+03 1.809777200000000068e-17
5.161786960468700272e+03 2.577159200000000011e-17
5.165860723230390249e+03 1.808170099999999937e-17
5.169934485992080226e+03 1.870981200000000224e-17
5.174008248753780208e+03 2.444084500000000440e-17
5.178082011515470185e+03 1.962912600000000252e-17
5.182155774277160162e+03 1.534700200000000218e-17
5.186229537038850140e+03 2.547089600000000098e-17
5.190303299800550121e+03 3.350679200000000191e-17
5.194377062562240098e+03 2.809040300000000277e-17
5.198450825323930076e+03 2.498310100000000488e-17
5.202524588085620053e+03 2.067309200000000216e-17
5.206598350847320035e+03 2.156682000000000093e-17
5.210672113609010012e+03 2.832754100000000278e-17
5.214745876370699989e+03 2.470188600000000325e-17
5.218819639132389966e+03 3.029973100000000091e-17
5.222893401894089948e+03 2.285739500000000070e-17
5.226967164655779925e+03 1.729378200000000223e-17
5.231040927417469902e+03 2.699082100000000332e-17
5.235114690179159879e+03 2.935532600000000243e-17
5.239188452940859861e+03 2.239070900000000235e-17
5.243262215702549838e+03 1.911485400000000076e-17
5.247335978464239815e+03 1.732091899999999999e-17
5.251409741225929793e+03 8.413639300000000356e-18
5.255483503987619770e+03 1.538146500000000107e-17
5.259557266749319751e+03 1.964765000000000037e-17
5.263631029511009729e+03 1.675764200000000194e-17
5.267704792272699706e+03 1.713856100000000117e-17
5.271778555034399687e+03 1.688811300000000319e-17
5.275852317796089665e+03 2.307152100000000292e-17
5.279926080557779642e+03 2.079992200000000136e-17
5.283999843319469619e+03 2.157989900000000227e-17
5.288073606081159596e+03 1.436663800000000175e-17
5.292147368842859578e+03 2.022735000000000354e-17
5.296221131604549555e+03 2.760110100000000127e-17
5.300294894366240442e+03 2.871695200000000398e-17
5.304368657127930419e+03 2.270187700000000134e-17
5.308442419889630401e+03 1.381393200000000145e-17
5.312516182651320378e+03 1.641856700000000207e-17
5.316589945413010355e+03 1.776139200000000247e-17
5.320663708174700332e+03 2.096668200000000370e-17
5.324737470936400314e+03 1.522886200000000074e-17
5.328811233698090291e+03 2.180354000000000470e-17
5.332884996459780268e+03 3.200818500000000777e-17
5.336958759221470245e+03 3.069133100000000120e-17
5.341032521983160223e+03 3.037238600000000401e-17
5.345106284744860204e+03 1.473296000000000114e-17
5.349180047506550181e+03 2.181106400000000161e-17
5.353253810268240159e+03 2.727451099999999999e-17
5.357327573029940140e+03 1.609568400000000144e-17
5.361401335791630117e+03 3.272634199999999925e-17
5.365475098553320095e+03 2.614901299999999988e-17
5.369548861315010072e+03 1.747150900000000159e-17
5.373622624076700049e+03 1.847045200000000230e-17
5.377696386838400031e+03 2.357232900000000177e-17
5.381770149600090008e+03 1.951804800000000167e-17
5.385843912361779985e+03 1.995963200000000257e-17
5.389917675123469962e+03 1.425101700000000161e-17
5.393991437885169944e+03 1.803692000000000247e-17
5.398065200646859921e+03 3.233223400000000307e-17
5.402138963408549898e+03 3.623880700000000593e-17
5.406212726170239876e+03 3.691242500000000564e-17
5.410286488931939857e+03 3.316845400000000432e-17
5.414360251693629834e+03 2.086407400000000323e-17
5.418434014455319812e+03 2.937621500000000589e-17
5.422507777217009789e+03 3.162417500000000298e-17
5.426581539978709770e+03 2.734255700000000522e-17
5.430655302740399748e+03 3.009008200000000555e-17
5.434729065502089725e+03 3.353089300000000270e-17
5.438802828263779702e+03 2.772298100000000420e-17
5.442876591025479684e+03 2.548123600000000057e-17
5.446950353787169661e+03 3.292677299999999886e-17
5.451024116548859638e+03 2.052271100000000176e-17
5.455097879310549615e+03 1.799178699999999870e-17
5.459171642072249597e+03 2.629093499999999915e-17
5.463245404833939574e+03 2.529079300000000292e-17
5.467319167595629551e+03 1.657580100000000186e-17
5.471392930357320438e+03 1.464893100000000096e-17
5.475466693119020420e+03 1.631267000000000335e-17
5.479540455880710397e+03 1.145478400000000020e-17
5.483614218642400374e+03 1.433556300000000055e-17
5.487687981404090351e+03 1.668641700000000022e-17
5.491761744165780328e+03 7.377201700000000406e-18
5.495835506927480310e+03 1.875913600000000150e-17
5.499909269689170287e+03 2.686323200000000334e-17
5.503983032450860264e+03 2.446473700000000399e-17
5.508056795212550242e+03 3.220598700000000122e-17
5.512130557974250223e+03 2.518557800000000097e-17
5.516204320735940200e+03 2.012459900000000047e-17
5.520278083497630178e+03 2.829527800000000223e-17
5.524351846259320155e+03 3.451343500000000297e-17
5.528425609021020136e+03 3.353077200000000476e-17
5.532499371782710114e+03 3.055908900000000017e-17
5.536573134544400091e+03 3.310794300000000758e-17
5.540646897306090068e+03 3.140435100000000297e-17
5.544720660067790050e+03 3.069862400000000457e-17
5.548794422829480027e+03 2.192962199999999928e-17
5.552868185591170004e+03 3.090422500000000397e-17
5.556941948352859981e+03 2.678457100000000181e-17
5.561015711114559963e+03 2.957336800000000650e-17
5.565089473876249940e+03 2.733523100000000101e-17
5.569163236637939917e+03 1.549588699999999952e-17
5.573236999399629894e+03 2.277820600000000118e-17
5.577310762161329876e+03 2.154483100000000137e-17
5.581384524923019853e+03 2.350142300000000302e-17
5.585458287684709831e+03 2.489797200000000244e-17
5.589532050446399808e+03 2.215264700000000045e-17
5.593605813208089785e+03 3.275113600000000223e-17
5.597679575969789767e+03 3.571030100000000123e-17
5.601753338731479744e+03 2.921014799999999958e-17
5.605827101493169721e+03 2.016454000000000287e-17
5.609900864254869703e+03 2.330246600000000180e-17
5.613974627016559680e+03 2.809150300000000194e-17
5.618048389778249657e+03 3.061176799999999937e-17
5.622122152539939634e+03 2.802757100000000360e-17
5.626195915301639616e+03 3.085940000000000699e-17
5.630269678063329593e+03 3.325111900000000479e-17
5.634343440825019570e+03 1.815451000000000433e-17
5.638417203586709547e+03 2.211519200000000160e-17
5.642490966348400434e+03 2.374078300000000295e-17
5.646564729110100416e+03 3.347347299999999919e-17
5.650638491871790393e+03 3.179333300000000252e-17
5.654712254633480370e+03 2.391924700000000151e-17
5.658786017395170347e+03 3.159693900000000579e-17
5.662859780156870329e+03 2.690561499999999995e-17
5.666933542918560306e+03 2.125708200000000024e-17
5.671007305680250283e+03 2.990834000000000490e-17
5.675081068441940261e+03 3.653059300000000069e-17
5.679154831203640242e+03 2.973648700000000369e-17
5.683228593965330219e+03 2.079182600000000019e-17
5.687302356727020197e+03 2.785630099999999973e-17
5.691376119488710174e+03 3.786894100000000040e-17
5.695449882250410155e+03 3.529216899999999903e-17
5.699523645012100133e+03 3.042199600000000232e-17
5.703597407773790110e+03 3.937564400000000495e-17
5.707671170535480087e+03 2.727987900000000173e-17
5.711744933297180069e+03 2.312325400000000171e-17
5.715818696058870046e+03 2.788970800000000262e-17
5.719892458820560023e+03 2.803905499999999937e-17
5.723966221582250000e+03 2.456828000000000252e-17
5.728039984343949982e+03 2.291397900000000249e-17
5.732113747105639959e+03 2.238909200000000135e-17
5.736187509867329936e+03 2.136743400000000423e-17
5.740261272629019913e+03 2.821721100000000346e-17
5.744335035390709891e+03 2.632152600000000244e-17
5.748408798152409872e+03 3.120786899999999989e-17
5.752482560914099849e+03 3.365025400000000432e-17
5.756556323675789827e+03 2.371640700000000237e-17
5.760630086437479804e+03 2.955926600000000383e-17
5.764703849199179786e+03 3.769252300000000141e-17
5.768777611960869763e+03 3.198105900000000309e-17
5.772851374722559740e+03 3.033495300000000366e-17
5.776925137484249717e+03 2.732822400000000284e-17
5.780998900245949699e+03 3.244092500000000289e-17
5.785072663007639676e+03 3.029936800000000094e-17
5.789146425769329653e+03 3.136373900000000305e-17
5.793220188531019630e+03 3.620907399999999977e-17
5.797293951292719612e+03 3.039937999999999917e-17
5.801367714054409589e+03 2.178706200000000025e-17
5.805441476816099566e+03 1.984592500000000173e-17
5.809515239577790453e+03 3.035554500000000267e-17
5.813589002339490435e+03 3.896473900000000444e-17
5.817662765101180412e+03 3.139879600000000470e-17
5.821736527862870389e+03 3.051273500000000237e-17
5.825810290624560366e+03 3.995526700000000410e-17
5.829884053386260348e+03 2.733962000000000460e-17
5.833957816147950325e+03 3.466497100000000496e-17
5.838031578909640302e+03 3.483832000000000307e-17
5.842105341671330279e+03 3.710753200000000359e-17
5.846179104433030261e+03 1.938204400000000065e-17
5.850252867194720238e+03 2.671226800000000251e-17
5.854326629956410216e+03 3.029767399999999901e-17
5.858400392718100193e+03 1.801973799999999966e-17
5.862474155479800174e+03 2.216165600000000117e-17
5.866547918241490152e+03 2.789153400000000174e-17
5.870621681003180129e+03 3.394575800000000515e-17
5.874695443764870106e+03 3.429556899999999926e-17
5.878769206526560083e+03 3.139935700000000354e-17
5.882842969288260065e+03 3.007361500000000343e-17
5.886916732049950042e+03 2.705891100000000247e-17
5.890990494811640019e+03 2.618146300000000313e-17
5.895064257573329996e+03 2.951815900000000058e-17
5.899138020335029978e+03 3.660317099999999670e-17
5.903211783096719955e+03 4.198704400000000016e-17
5.907285545858409932e+03 3.003234299999999908e-17
5.911359308620099910e+03 2.078215700000000429e-17
5.915433071381799891e+03 2.767866200000000363e-17
5.919506834143489868e+03 2.355635700000000298e-17
5.923580596905179846e+03 2.891264200000000544e-17
5.927654359666869823e+03 3.806941599999999702e-17
5.931728122428569804e+03 3.782429200000000378e-17
5.935801885190259782e+03 3.932121600000000141e-17
5.939875647951949759e+03 2.747506300000000370e-17
5.943949410713639736e+03 2.627120100000000036e-17
5.948023173475339718e+03 3.121591000000000171e-17
5.952096936237029695e+03 2.538606400000000300e-17
5.956170698998719672e+03 3.591883899999999817e-17
5.960244461760409649e+03 3.446808200000000490e-17
5.964318224522109631e+03 3.080018700000000212e-17
5.968391987283799608e+03 3.002776700000000204e-17
5.972465750045489585e+03 2.847388500000000031e-17
5.976539512807179563e+03 2.909252500000000305e-17
5.980613275568870449e+03 3.271900499999999887e-17
5.984687038330570431e+03 3.025442199999999985e-17
5.988760801092260408e+03 3.405156700000000369e-17
5.992834563853950385e+03 3.398242100000000238e-17
5.996908326615640362e+03 3.081277100000000323e-17
6.000982089377340344e+03 2.894851300000000105e-17
6.005055852139030321e+03 3.279910700000000720e-17
6.009129614900720298e+03 3.230596600000000170e-17
6.013203377662410276e+03 3.050007400000000034e-17
6.017277140424110257e+03 3.546445100000000188e-17
6.021350903185800234e+03 3.599772000000000323e-17
6.025424665947490212e+03 3.653863400000000867e-17
6.029498428709180189e+03 3.465987799999999993e-17
6.033572191470880171e+03 3.161802600000000195e-17
6.037645954232570148e+03 3.260867499999999955e-17
6.041719716994260125e+03 3.315257000000000570e-17
6.045793479755950102e+03 2.703911100000000200e-17
6.049867242517650084e+03 3.113311300000000405e-17
6.053941005279340061e+03 3.116363800000000566e-17
6.058014768041030038e+03 3.082832499999999962e-17
6.062088530802720015e+03 2.679814500000000340e-17
6.066162293564419997e+03 3.302149400000000552e-17
6.070236056326109974e+03 3.743995200000000294e-17
6.074309819087799951e+03 3.676464000000000747e-17
6.078383581849489929e+03 3.572512900000000385e-17
6.082457344611179906e+03 3.842257099999999797e-17
6.086531107372879887e+03 3.560544899999999926e-17
6.090604870134569865e+03 3.143878100000000410e-17
6.094678632896259842e+03 2.985804800000000366e-17
6.098752395657959823e+03 3.854497900000000198e-17
6.102826158419649801e+03 3.816446700000000590e-17
6.106899921181339778e+03 3.699911600000000357e-17
6.110973683943029755e+03 3.659866100000000750e-17
6.115047446704719732e+03 3.833050100000000213e-17
6.119121209466419714e+03 3.408973700000000324e-17
6.123194972228109691e+03 2.998143500000000274e-17
6.127268734989799668e+03 3.787841200000000361e-17
6.131342497751489645e+03 3.555796199999999836e-17
6.135416260513189627e+03 3.650253200000000412e-17
6.139490023274879604e+03 4.505751800000000587e-17
6.143563786036569581e+03 3.449859600000000110e-17
6.147637548798259559e+03 3.016933700000000367e-17
6.151711311559960450e+03 3.744206400000000110e-17
6.155785074321650427e+03 3.915227800000000539e-17
6.159858837083340404e+03 3.844071000000000351e-17
6.163932599845030381e+03 3.385273100000000042e-17
6.168006362606730363e+03 3.275621800000000801e-17
6.172080125368420340e+03 3.680688000000000764e-17
6.176153888130110317e+03 3.734926800000000531e-17
6.180227650891800295e+03 3.784889900000000098e-17
6.184301413653500276e+03 3.216785000000000560e-17
6.188375176415190253e+03 3.688646500000000181e-17
6.192448939176880231e+03 3.548964100000000259e-17
6.196522701938570208e+03 3.466415700000000484e-17
6.200596464700270189e+03 3.399900900000000244e-17
6.204670227461960167e+03 3.039796100000000320e-17
6.208743990223650144e+03 3.717513800000000483e-17
6.212817752985340121e+03 3.463655800000000151e-17
6.216891515747040103e+03 3.388411400000000533e-17
6.220965278508730080e+03 3.749615100000000317e-17
6.225039041270420057e+03 3.528438100000000466e-17
6.229112804032110034e+03 3.085227199999999856e-17
6.233186566793800012e+03 2.899392100000000154e-17
6.237260329555499993e+03 3.544374900000000419e-17
6.241334092317189970e+03 3.643693900000000160e-17
6.245407855078879948e+03 3.504728700000000166e-17
6.249481617840569925e+03 3.708817200000000095e-17
6.253555380602269906e+03 4.091159600000000542e-17
6.257629143363959884e+03 4.556288000000000634e-17
6.261702906125649861e+03 4.080103500000000331e-17
6.265776668887339838e+03 3.624946600000000232e-17
6.269850431649039820e+03 3.629311399999999921e-17
6.273924194410729797e+03 3.623389000000000126e-17
6.277997957172419774e+03 3.757944300000000416e-17
6.282071719934109751e+03 3.347146000000000663e-17
6.286145482695809733e+03 3.536869600000000389e-17
6.290219245457499710e+03 3.997268000000000353e-17
6.294293008219189687e+03 3.790101700000000134e-17
6.298366770980879664e+03 3.961913999999999794e-17
6.302440533742579646e+03 4.931457300000000652e-17
6.306514296504269623e+03 3.668333900000000670e-17
6.310588059265959600e+03 3.501601400000000159e-17
6.314661822027649578e+03 2.779970600000000177e-17
6.318735584789339555e+03 3.362033399999999855e-17
6.322809347551040446e+03 3.612376900000000622e-17
6.326883110312730423e+03 4.339434000000000848e-17
6.330956873074420400e+03 4.073725700000000683e-17
6.335030635836110378e+03 3.296111499999999981e-17
6.339104398597810359e+03 3.357590500000000546e-17
6.343178161359500336e+03 3.886977600000000190e-17
6.347251924121190314e+03 2.902342300000000491e-17
6.351325686882890295e+03 2.750528000000000468e-17
6.355399449644580272e+03 3.697834799999999804e-17
6.359473212406270250e+03 3.595907700000000503e-17
6.363546975167960227e+03 3.090014400000000410e-17
6.367620737929650204e+03 2.699592500000000144e-17
6.371694500691350186e+03 3.423643300000000765e-17
6.375768263453040163e+03 3.960602800000000192e-17
6.379842026214730140e+03 3.752398100000000313e-17
6.383915788976420117e+03 3.739677700000000471e-17
6.387989551738120099e+03 3.958002400000000725e-17
6.392063314499810076e+03 4.033099400000000503e-17
6.396137077261500053e+03 3.622015099999999856e-17
6.400210840023200035e+03 4.220620800000000806e-17
6.404284602784890012e+03 3.700011699999999714e-17
6.408358365546579989e+03 3.804836199999999861e-17
6.412432128308269967e+03 3.894545600000000272e-17
6.416505891069959944e+03 3.406973900000000699e-17
6.420579653831659925e+03 3.056880199999999925e-17
6.424653416593349903e+03 3.009308499999999860e-17
6.428727179355039880e+03 3.473010200000000191e-17
6.432800942116729857e+03 3.978946400000000449e-17
6.436874704878429839e+03 3.312603800000000379e-17
6.440948467640119816e+03 2.752280299999999972e-17
6.445022230401809793e+03 3.657090800000000231e-17
6.449095993163499770e+03 3.602710100000000251e-17
6.453169755925199752e+03 3.657428500000000075e-17
6.457243518686889729e+03 3.847899000000000790e-17
6.461317281448579706e+03 3.571228100000000837e-17
6.465391044210269683e+03 3.492893800000000519e-17
6.469464806971969665e+03 4.139473800000000047e-17
6.473538569733659642e+03 3.999022500000000632e-17
6.477612332495349619e+03 3.778454900000000024e-17
6.481686095257039597e+03 4.224029700000000157e-17
6.485759858018729574e+03 4.110868300000000434e-17
6.489833620780429555e+03 4.110425000000000375e-17
6.493907383542120442e+03 4.460423000000000259e-17
6.497981146303810419e+03 3.554398100000000596e-17
6.502054909065510401e+03 3.508291600000000139e-17
6.506128671827200378e+03 4.012790100000000152e-17
6.510202434588890355e+03 3.643506899999999932e-17
6.514276197350580333e+03 3.858930900000000797e-17
6.518349960112270310e+03 3.968698800000000122e-17
6.522423722873970291e+03 3.806162800000000265e-17
6.526497485635660269e+03 3.616774700000000532e-17
6.530571248397350246e+03 3.251900300000000708e-17
6.534645011159040223e+03 3.635679300000000243e-17
6.538718773920740205e+03 3.836814300000000675e-17
6.542792536682430182e+03 3.792550300000000061e-17
6.546866299444120159e+03 3.664254000000000101e-17
6.550940062205810136e+03 4.229042400000000170e-17
6.555013824967510118e+03 4.450762800000000671e-17
6.559087587729200095e+03 3.859758100000000025e-17
6.563161350490890072e+03 3.770324800000000564e-17
6.567235113252580049e+03 4.374883700000000448e-17
6.571308876014280031e+03 4.089614100000000229e-17
6.575382638775970008e+03 4.271404500000000667e-17
6.579456401537659985e+03 4.261024900000000069e-17
6.583530164299349963e+03 3.622282400000000172e-17
6.587603927061039940e+03 3.525562700000000590e-17
6.591677689822739922e+03 3.492759600000000398e-17
6.595751452584429899e+03 3.485278499999999955e-17
6.599825215346119876e+03 3.759601999999999880e-17
6.603898978107809853e+03 4.044632900000000920e-17
6.607972740869509835e+03 4.295287700000000244e-17
6.612046503631199812e+03 3.944623100000000074e-17
6.616120266392889789e+03 3.648146700000000029e-17
6.620194029154589771e+03 3.729462000000000440e-17
6.624267791916279748e+03 3.884657700000000141e-17
6.628341554677969725e+03 4.168267400000000430e-17
6.632415317439659702e+03 4.041471500000000151e-17
6.636489080201349680e+03 4.042539600000000873e-17
6.640562842963049661e+03 3.585314700000000239e-17
6.644636605724739638e+03 3.243538100000000387e-17
6.648710368486429616e+03 3.910962000000000283e-17
6.652784131248119593e+03 4.233759200000000579e-17
6.656857894009819574e+03 4.096657400000000238e-17
6.660931656771509552e+03 3.863652100000000291e-17
6.665005419533200438e+03 4.017937000000000286e-17
6.669079182294890416e+03 4.151089800000000402e-17
6.673152945056580393e+03 4.018719100000000114e-17
6.677226707818280374e+03 3.755926900000000139e-17
6.681300470579970352e+03 3.943837700000000469e-17
6.685374233341660329e+03 3.672394000000000121e-17
6.689447996103360310e+03 3.991878000000000107e-17
6.693521758865050288e+03 3.985766400000000233e-17
6.697595521626740265e+03 3.654247300000000035e-17
6.701669284388430242e+03 4.031487900000000363e-17
6.705743047150130224e+03 4.574908800000000535e-17
6.709816809911820201e+03 3.904804199999999852e-17
6.713890572673510178e+03 3.562447900000000585e-17
6.717964335435200155e+03 4.089022300000000404e-17
6.722038098196890132e+03 4.461806800000000472e-17
6.726111860958590114e+03 3.933113800000000476e-17
6.730185623720280091e+03 3.222809700000000179e-17
6.734259386481970068e+03 3.646879500000000517e-17
6.738333149243660046e+03 3.962789600000000662e-17
6.742406912005360027e+03 4.256455500000000732e-17
6.746480674767050004e+03 4.330685700000000277e-17
6.750554437528739982e+03 4.331703200000000741e-17
6.754628200290429959e+03 4.451874900000000251e-17
6.758701963052129940e+03 4.153843099999999951e-17
6.762775725813819918e+03 3.716784500000000146e-17
6.766849488575509895e+03 4.218789300000000216e-17
6.770923251337199872e+03 4.165652700000000702e-17
6.774997014098899854e+03 4.063866400000000457e-17
6.779070776860589831e+03 3.897755400000000216e-17
6.783144539622279808e+03 3.475177200000000158e-17
6.787218302383969785e+03 3.871494000000000240e-17
6.791292065145659762e+03 4.556251700000000021e-17
6.795365827907359744e+03 4.402519000000000694e-17
6.799439590669049721e+03 3.888271200000000373e-17
6.803513353430739699e+03 4.378396000000000164e-17
6.807587116192439680e+03 4.573223600000000475e-17
6.811660878954129657e+03 4.396527300000000064e-17
6.815734641715819635e+03 4.412126400000000173e-17
6.819808404477509612e+03 4.675106700000000302e-17
6.823882167239209593e+03 4.977058900000000923e-17
6.827955930000899571e+03 4.786682999999999939e-17
6.832029692762589548e+03 4.692530700000000835e-17
6.836103455524280434e+03 5.214460900000000239e-17
6.840177218285970412e+03 4.512455200000000286e-17
6.844250981047670393e+03 3.775862200000000033e-17
6.848324743809360371e+03 3.700557300000000215e-17
6.852398506571050348e+03 4.312481800000000382e-17
6.856472269332750329e+03 4.909066800000000047e-17
6.860546032094440307e+03 3.934012499999999774e-17
6.864619794856130284e+03 4.321683299999999724e-17
6.868693557617820261e+03 4.005413500000000616e-17
6.872767320379510238e+03 3.870619500000000530e-17
6.876841083141210220e+03 4.550152199999999940e-17
6.880914845902900197e+03 3.983289200000000401e-17
6.884988608664590174e+03 3.709107600000000073e-17
6.889062371426280151e+03 4.440480000000000272e-17
6.893136134187970129e+03 4.678744400000000121e-17
6.897209896949670110e+03 4.350424099999999999e-17
6.901283659711360087e+03 3.657404300000000488e-17
6.905357422473050065e+03 4.327361500000000098e-17
6.909431185234750046e+03 4.537282199999999792e-17
6.913504947996440023e+03 4.419560200000000135e-17
6.917578710758130001e+03 4.820322100000000609e-17
6.921652473519819978e+03 4.584868200000000118e-17
6.925726236281509955e+03 5.099587900000000404e-17
6.929799999043209937e+03 5.153452700000000946e-17
6.933873761804899914e+03 4.544072500000000362e-17
6.937947524566589891e+03 4.132678000000000467e-17
6.942021287328289873e+03 4.485520600000000473e-17
6.946095050089979850e+03 5.044575800000000210e-17
6.950168812851669827e+03 4.589451900000000332e-17
6.954242575613359804e+03 4.103365200000000254e-17
6.958316338375059786e+03 3.594450200000000370e-17
6.962390101136749763e+03 4.620236500000000322e-17
6.966463863898439740e+03 4.983508200000000025e-17
6.970537626660129717e+03 4.639719700000000138e-17
6.974611389421819695e+03 4.797372800000000401e-17
6.978685152183519676e+03 4.582253500000000390e-17
6.982758914945209654e+03 4.523152700000000225e-17
6.986832677706899631e+03 4.784810800000000267e-17
6.990906440468599612e+03 4.681683600000000590e-17
6.994980203230289590e+03 4.404111800000000872e-17
6.999053965991979567e+03 4.200637100000000505e-17
7.003127728753670453e+03 4.107526500000000836e-17
7.007201491515360431e+03 4.558405500000000269e-17
7.011275254277060412e+03 4.879325000000000651e-17
7.015349017038750389e+03 4.497152000000000397e-17
7.019422779800440367e+03 4.560870600000000307e-17
7.023496542562130344e+03 4.369681800000000355e-17
7.027570305323830326e+03 4.087284300000000237e-17
7.031644068085520303e+03 4.894004500000000420e-17
7.035717830847210280e+03 5.374656100000000852e-17
7.039791593608900257e+03 4.647472499999999982e-17
7.043865356370600239e+03 4.895860200000000597e-17
7.047939119132290216e+03 4.962401400000000275e-17
7.052012881893980193e+03 4.624811400000000517e-17
7.056086644655670170e+03 4.240046800000000197e-17
7.060160407417370152e+03 4.828316900000000024e-17
7.064234170179060129e+03 5.114942800000000476e-17
7.068307932940750106e+03 4.455967999999999923e-17
7.072381695702440084e+03 4.758096200000000288e-17
7.076455458464130061e+03 5.099582400000000778e-17
7.080529221225830042e+03 5.046097100000000319e-17
7.084602983987520020e+03 4.743501400000000307e-17
7.088676746749209997e+03 4.828128800000000486e-17
7.092750509510909978e+03 4.784114500000000152e-17
7.096824272272599956e+03 4.635220700000000945e-17
7.100898035034289933e+03 4.556337500000000351e-17
7.104971797795979910e+03 4.841670900000000546e-17
7.109045560557669887e+03 4.903552500000000240e-17
7.113119323319369869e+03 4.916294900000000435e-17
7.117193086081059846e+03 5.579523400000000218e-17
7.121266848842749823e+03 4.916814100000000265e-17
7.125340611604439800e+03 4.731412400000000679e-17
7.129414374366139782e+03 4.887656399999999984e-17
7.133488137127829759e+03 5.338468300000000281e-17
7.137561899889519736e+03 4.648382200000000380e-17
7.141635662651209714e+03 4.172528800000000369e-17
7.145709425412909695e+03 4.181302400000000453e-17
7.149783188174599672e+03 3.982323400000000736e-17
7.153856950936289650e+03 4.415497900000000218e-17
7.157930713697979627e+03 4.486075000000000375e-17
7.162004476459679609e+03 4.142849700000000408e-17
7.166078239221369586e+03 4.577928300000000474e-17
7.170152001983059563e+03 3.932228300000000898e-17
7.174225764744750450e+03 4.846134700000000283e-17
7.178299527506450431e+03 4.854831300000000672e-17
7.182373290268140408e+03 4.432990100000000427e-17
7.186447053029830386e+03 5.013965000000000730e-17
7.190520815791520363e+03 5.089681300000000312e-17
7.194594578553220344e+03 4.053732100000000438e-17
7.198668341314910322e+03 4.210220300000000397e-17
7.202742104076600299e+03 4.665640100000000495e-17
7.206815866838290276e+03 4.641313600000000858e-17
7.210889629599980253e+03 5.120435100000000547e-17
7.214963392361680235e+03 4.772154200000000402e-17
7.219037155123370212e+03 5.285964200000000289e-17
7.223110917885060189e+03 4.658479099999999859e-17
7.227184680646750166e+03 4.524553000000000549e-17
7.231258443408450148e+03 4.421538000000000639e-17
7.235332206170140125e+03 4.040366000000000122e-17
7.239405968931830103e+03 3.873780900000000067e-17
7.243479731693520080e+03 4.637901399999999883e-17
7.247553494455220061e+03 5.089709900000000217e-17
7.251627257216910039e+03 4.219417400000000038e-17
7.255701019978600016e+03 4.203940400000000255e-17
7.259774782740289993e+03 4.297742900000000955e-17
7.263848545501979970e+03 3.800190900000000754e-17
7.267922308263679952e+03 4.206357100000000502e-17
7.271996071025369929e+03 4.784807500000000491e-17
7.276069833787059906e+03 3.988953099999999899e-17
7.280143596548749883e+03 4.304451800000000280e-17
7.284217359310449865e+03 5.186261300000000764e-17
7.288291122072139842e+03 5.200247800000000193e-17
7.292364884833829819e+03 4.213084700000000405e-17
7.296438647595529801e+03 4.113689800000000277e-17
7.300512410357219778e+03 4.143880399999999975e-17
7.304586173118909755e+03 4.787112000000000355e-17
7.308659935880599733e+03 5.462766100000000917e-17
7.312733698642289710e+03 5.448384699999999987e-17
7.316807461403989691e+03 4.695466600000000295e-17
7.320881224165679669e+03 5.079669100000000004e-17
7.324954986927369646e+03 5.782971700000001148e-17
7.329028749689059623e+03 5.159672100000000271e-17
7.333102512450759605e+03 4.945818900000000463e-17
7.337176275212449582e+03 5.036242200000000410e-17
7.341250037974139559e+03 5.530304999999999941e-17
7.345323800735840450e+03 4.121309500000000542e-17
7.349397563497530427e+03 4.148349699999999955e-17
7.353471326259220405e+03 4.811187700000000403e-17
7.357545089020910382e+03 4.952093300000000363e-17
7.361618851782600359e+03 4.617955100000000120e-17
7.365692614544300341e+03 4.523759900000000235e-17
7.369766377305990318e+03 4.920412200000000927e-17
7.373840140067680295e+03 4.597007800000000620e-17
7.377913902829370272e+03 4.685947200000000380e-17
7.381987665591060249e+03 4.361839900000000406e-17
7.386061428352760231e+03 4.466443300000000178e-17
7.390135191114450208e+03 5.388964900000000555e-17
7.394208953876140185e+03 5.751977000000000035e-17
7.398282716637840167e+03 4.631875600000000338e-17
7.402356479399530144e+03 3.707073700000000301e-17
7.406430242161220121e+03 4.775422300000000696e-17
7.410504004922910099e+03 4.851319000000000340e-17
7.414577767684610080e+03 4.457897400000000637e-17
7.418651530446300058e+03 4.986495800000000284e-17
7.422725293207990035e+03 4.393535300000000719e-17
7.426799055969680012e+03 3.977385499999999951e-17
7.430872818731369989e+03 4.280248500000000278e-17
7.434946581493069971e+03 5.135238899999999876e-17
7.439020344254759948e+03 5.249833600000000144e-17
7.443094107016449925e+03 4.835440500000000120e-17
7.447167869778139902e+03 4.444389400000000107e-17
7.451241632539839884e+03 5.600885400000001106e-17
7.455315395301529861e+03 4.914972700000000348e-17
7.459389158063219838e+03 4.914815400000000565e-17
7.463462920824909816e+03 5.900682700000000321e-17
7.467536683586609797e+03 5.843423300000000688e-17
7.471610446348299774e+03 4.653872300000000600e-17
7.475684209109989752e+03 3.580109500000000371e-17
7.479757971871679729e+03 4.860705300000000676e-17
7.483831734633379710e+03 5.352279900000000507e-17
7.487905497395069688e+03 4.671109300000000903e-17
7.491979260156759665e+03 4.425890699999999918e-17
7.496053022918449642e+03 5.305526600000000884e-17
7.500126785680149624e+03 5.601129600000000528e-17
7.504200548441839601e+03 4.459458299999999902e-17
7.508274311203529578e+03 4.220220400000000295e-17
7.512348073965219555e+03 5.109539600000000511e-17
7.516421836726920446e+03 4.861423600000000529e-17
7.520495599488610424e+03 4.096495700000000139e-17
7.524569362250300401e+03 4.319801200000000726e-17
7.528643125011990378e+03 4.497840600000000420e-17
7.532716887773680355e+03 4.630429100000000691e-17
7.536790650535380337e+03 4.930902900000000750e-17
7.540864413297070314e+03 4.919200000000000757e-17
7.544938176058760291e+03 5.126379500000000695e-17
7.549011938820450268e+03 3.900628600000000242e-17
7.553085701582150250e+03 3.341737299999999839e-17
7.557159464343840227e+03 4.285287600000000346e-17
7.561233227105530204e+03 5.036919800000000564e-17
7.565306989867220182e+03 4.438798099999999988e-17
7.569380752628920163e+03 4.688728000000000524e-17
7.573454515390610140e+03 5.295043600000000537e-17
7.577528278152300118e+03 4.157030900000000775e-17
7.581602040914000099e+03 4.622652100000000643e-17
7.585675803675690076e+03 5.092390600000000387e-17
7.589749566437380054e+03 5.335418000000000586e-17
7.593823329199070031e+03 4.919272600000000751e-17
7.597897091960760008e+03 4.287292900000000213e-17
7.601970854722459990e+03 3.551519399999999711e-17
7.606044617484149967e+03 5.163205300000000415e-17
7.610118380245839944e+03 5.981768099999999721e-17
7.614192143007529921e+03 4.455688600000000430e-17
7.618265905769229903e+03 4.335977800000000400e-17
7.622339668530919880e+03 5.091377500000000240e-17
7.626413431292609857e+03 4.890122599999999947e-17
7.630487194054299835e+03 4.575719500000000268e-17
7.634560956815999816e+03 3.877379000000000113e-17
7.638634719577689793e+03 3.593605399999999874e-17
7.642708482339379771e+03 4.802128100000000042e-17
7.646782245101069748e+03 5.665461999999999999e-17
7.650856007862769729e+03 4.845749700000000574e-17
7.654929770624459707e+03 4.087143499999999949e-17
7.659003533386149684e+03 3.946027800000000098e-17
7.663077296147839661e+03 3.725539400000000269e-17
7.667151058909529638e+03 4.571565900000000395e-17
7.671224821671229620e+03 5.049487300000000324e-17
7.675298584432919597e+03 4.773176100000000567e-17
7.679372347194609574e+03 4.466564299999999963e-17
7.683446109956309556e+03 4.386223600000000469e-17
7.687519872718000443e+03 3.676785200000000480e-17
7.691593635479690420e+03 3.902580000000000692e-17
7.695667398241380397e+03 4.843342900000000270e-17
7.699741161003070374e+03 4.225091200000000095e-17
7.703814923764770356e+03 3.610043800000000238e-17
7.707888686526460333e+03 3.112497300000000279e-17
7.711962449288150310e+03 3.289555500000000122e-17
7.716036212049840287e+03 3.091794200000000200e-17
7.720109974811540269e+03 2.402635400000000425e-17
7.724183737573230246e+03 4.000621900000000361e-17
7.728257500334920223e+03 3.700435200000000504e-17
7.732331263096620205e+03 4.210758200000000188e-17
7.736405025858310182e+03 4.111042100000000328e-17
7.740478788620000159e+03 4.462494300000000569e-17
7.744552551381690137e+03 5.886694000000000425e-17
7.748626314143380114e+03 5.318498900000000240e-17
7.752700076905080095e+03 4.269366199999999961e-17
7.756773839666770073e+03 3.803879200000000213e-17
7.760847602428460050e+03 4.414923700000000429e-17
7.764921365190150027e+03 4.694390800000000713e-17
7.768995127951850009e+03 4.830306800000000321e-17
7.773068890713539986e+03 4.326752100000000854e-17
7.777142653475229963e+03 3.848053000000000797e-17
7.781216416236919940e+03 4.500129700000000713e-17
7.785290178998619922e+03 5.035741699999999925e-17
7.789363941760309899e+03 6.499842800000000556e-17
7.793437704521999876e+03 5.808975700000000752e-17
7.797511467283689854e+03 5.371275800000000174e-17
7.801585230045389835e+03 4.549520800000000343e-17
7.805658992807079812e+03 4.436674000000000186e-17
7.809732755568769790e+03 5.198311800000000545e-17
7.813806518330459767e+03 4.991864900000000719e-17
7.817880281092149744e+03 4.955552800000000587e-17
7.821954043853849726e+03 3.564699600000000340e-17
7.826027806615539703e+03 4.714727600000000427e-17
7.830101569377229680e+03 5.705491000000000111e-17
7.834175332138919657e+03 4.457313300000000905e-17
7.838249094900619639e+03 3.998775000000000202e-17
7.842322857662309616e+03 4.398592000000000823e-17
7.846396620423999593e+03 4.480300000000000419e-17
7.850470383185689570e+03 4.591804799999999986e-17
7.854544145947389552e+03 4.872690900000000555e-17
7.858617908709080439e+03 4.404513300000000076e-17
7.862691671470770416e+03 4.871229000000000721e-17
7.866765434232460393e+03 4.908420000000000880e-17
7.870839196994160375e+03 4.991830800000000572e-17
7.874912959755850352e+03 6.268358800000000718e-17
7.878986722517540329e+03 6.646581700000000206e-17
7.883060485279230306e+03 5.364901300000000301e-17
7.887134248040930288e+03 5.201794400000000431e-17
7.891208010802620265e+03 4.942522200000000264e-17
7.895281773564310242e+03 4.918914000000000480e-17
7.899355536326000220e+03 5.162473800000000227e-17
7.903429299087700201e+03 5.834897200000000418e-17
7.907503061849390178e+03 7.659408900000001137e-17
7.911576824611080156e+03 7.039063899999999682e-17
7.915650587372770133e+03 6.983557900000000402e-17
7.919724350134460110e+03 7.435188200000001142e-17
7.923798112896160092e+03 5.702491300000000058e-17
7.927871875657850069e+03 5.540155500000000765e-17
7.931945638419540046e+03 4.545302299999999952e-17
7.936019401181240028e+03 3.943962000000000646e-17
7.940093163942930005e+03 4.579532100000000521e-17
7.944166926704619982e+03 5.004426900000000237e-17
7.948240689466309959e+03 4.650188400000000841e-17
7.952314452228009941e+03 5.991707700000000651e-17
7.956388214989699918e+03 4.594462400000000495e-17
7.960461977751389895e+03 4.410378500000000679e-17
7.964535740513079872e+03 3.134961500000000804e-17
7.968609503274769850e+03 3.327249200000000616e-17
7.972683266036469831e+03 3.999782600000000107e-17
7.976757028798159809e+03 4.744641000000000483e-17
7.980830791559849786e+03 4.377712900000000384e-17
7.984904554321539763e+03 4.226990899999999746e-17
7.988978317083239745e+03 4.369619100000000304e-17
7.993052079844929722e+03 3.832755300000000534e-17
7.997125842606619699e+03 4.229203000000000345e-17
8.001199605368309676e+03 4.778932400000000562e-17
8.005273368130009658e+03 4.997577200000000624e-17
8.009347130891699635e+03 4.917621500000000222e-17
8.013420893653389612e+03 4.440646100000000073e-17
8.017494656415079589e+03 4.465685400000000552e-17
8.021568419176769567e+03 4.642826100000000333e-17
8.025642181938469548e+03 5.190853800000000380e-17
8.029715944700160435e+03 5.158732700000000659e-17
8.033789707461850412e+03 4.400040700000000321e-17
8.037863470223550394e+03 4.210784600000000242e-17
8.041937232985240371e+03 4.263432800000000914e-17
8.046010995746930348e+03 5.219148000000000819e-17
8.050084758508620325e+03 4.636815700000000357e-17
8.054158521270310302e+03 4.789569400000000300e-17
8.058232284032010284e+03 5.925200600000000504e-17
8.062306046793700261e+03 4.884737000000000634e-17
8.066379809555390239e+03 5.210857300000000568e-17
8.070453572317080216e+03 5.316168000000000323e-17
8.074527335078780197e+03 4.499339900000000176e-17
8.078601097840470175e+03 4.794119000000000367e-17
8.082674860602160152e+03 4.462742900000000924e-17
8.086748623363850129e+03 4.279163900000000061e-17
8.090822386125550111e+03 4.603300899999999864e-17
8.094896148887240088e+03 4.610021900000000216e-17
8.098969911648930065e+03 3.855104000000000283e-17
8.103043674410620042e+03 4.586167300000000543e-17
8.107117437172320024e+03 4.393155800000000636e-17
8.111191199934010001e+03 4.632393700000000860e-17
8.115264962695699978e+03 4.427909200000000736e-17
8.119338725457389955e+03 4.059388300000000459e-17
8.123412488219089937e+03 3.927683099999999916e-17
8.127486250980779914e+03 4.167073900000000221e-17
8.131560013742469891e+03 5.058886800000000379e-17
8.135633776504159869e+03 4.247401400000000613e-17
8.139707539265849846e+03 3.981311400000000513e-17
8.143781302027549827e+03 4.864313300000000665e-17
8.147855064789239805e+03 4.411206800000000448e-17
8.151928827550929782e+03 4.023900099999999779e-17
8.156002590312619759e+03 4.198586700000000622e-17
8.160076353074319741e+03 4.016972300000000545e-17
8.164150115836009718e+03 4.087647300000000210e-17
8.168223878597699695e+03 4.328960900000000444e-17
8.172297641359389672e+03 4.272319700000000691e-17
8.176371404121089654e+03 4.639272000000000377e-17
8.180445166882779631e+03 4.746775000000000844e-17
8.184518929644469608e+03 3.839188100000000141e-17
8.188592692406159586e+03 4.326377000000000472e-17
8.192666455167860477e+03 4.119262399999999819e-17
8.196740217929549544e+03 3.388700700000000586e-17
8.200813980691240431e+03 3.712326200000000651e-17
8.204887743452929499e+03 5.344544700000000700e-17
8.208961506214620385e+03 4.762965900000000779e-17
8.213035268976320367e+03 4.425075600000000484e-17
8.217109031738009435e+03 3.571989300000000238e-17
8.221182794499700321e+03 3.807721500000000297e-17
8.225256557261389389e+03 3.863152700000000347e-17
8.229330320023089371e+03 3.411719300000000396e-17
8.233404082784780257e+03 3.813156600000000558e-17
8.237477845546469325e+03 4.740531400000000700e-17
8.241551608308169307e+03 4.984435500000000459e-17
8.245625371069860194e+03 4.011058700000000152e-17
8.249699133831549261e+03 4.407536100000000408e-17
8.253772896593240148e+03 4.697188100000000968e-17
8.257846659354929216e+03 4.170043900000000445e-17
8.261920422116629197e+03 4.073044800000000136e-17
8.265994184878320084e+03 3.669750700000000488e-17
8.270067947640009152e+03 3.463795500000000514e-17
8.274141710401709133e+03 4.907992100000000390e-17
8.278215473163400020e+03 5.065608900000000039e-17
8.282289235925090907e+03 3.833929000000000856e-17
8.286362998686779974e+03 4.364819800000000573e-17
8.290436761448479956e+03 4.870034399999999971e-17
8.294510524210170843e+03 4.631561000000000773e-17
8.298584286971859910e+03 4.893815300000000341e-17
8.302658049733550797e+03 5.077491100000000169e-17
8.306731812495239865e+03 4.655713700000000517e-17
8.310805575256939846e+03 4.079484199999999911e-17
8.314879338018630733e+03 4.177633900000000264e-17
8.318953100780319801e+03 5.046537099999999987e-17
8.323026863542019782e+03 4.151321900000000646e-17
8.327100626303710669e+03 3.759279700000000838e-17
8.331174389065399737e+03 4.341240200000000077e-17
8.335248151827090624e+03 2.834028999999999883e-17
8.339321914588779691e+03 1.629983300000000096e-17
8.343395677350479673e+03 2.967036600000000626e-17
8.347469440112170560e+03 4.080456599999999744e-17
8.351543202873859627e+03 5.513797299999999974e-17
8.355616965635550514e+03 5.092685400000000066e-17
8.359690728397250496e+03 3.970588600000000446e-17
8.363764491158939563e+03 4.275934300000000847e-17
8.367838253920630450e+03 3.966464700000000403e-17
8.371912016682319518e+03 3.591170000000000282e-17
8.375985779444019499e+03 3.143286299999999970e-17
8.380059542205710386e+03 3.765205399999999793e-17
8.384133304967399454e+03 4.526247000000000626e-17
8.388207067729090340e+03 3.686672000000000685e-17
8.392280830490790322e+03 3.903741599999999988e-17
8.396354593252479390e+03 5.095884200000000758e-17
8.400428356014170276e+03 4.883156300000000250e-17
8.404502118775859344e+03 4.039014100000000206e-17
8.408575881537559326e+03 4.570044600000000286e-17
8.412649644299250212e+03 5.009283400000000393e-17
8.416723407060939280e+03 4.236909600000000864e-17
8.420797169822630167e+03 4.797912900000000659e-17
8.424870932584319235e+03 4.819335400000000516e-17
8.428944695346019216e+03 3.542709500000000246e-17
8.433018458107710103e+03 3.949416900000000178e-17
8.437092220869399171e+03 3.861563200000000561e-17
8.441165983631090057e+03 3.504568099999999991e-17
8.445239746392790039e+03 4.445611500000000220e-17
8.449313509154479107e+03 4.079772400000000655e-17
8.453387271916169993e+03 5.735085400000000901e-17
8.457461034677860880e+03 4.427311900000000669e-17
8.461534797439560862e+03 4.577936000000000567e-17
8.465608560201249929e+03 5.563828600000001068e-17
8.469682322962940816e+03 5.640922100000000079e-17
8.473756085724629884e+03 4.513865399999999937e-17
8.477829848486329865e+03 4.211451199999999912e-17
8.481903611248020752e+03 4.537212900000000190e-17
8.485977374009709820e+03 4.587632500000000152e-17
8.490051136771400706e+03 3.526293100000000236e-17
8.494124899533089774e+03 3.842745500000000489e-17
8.498198662294789756e+03 4.791342600000000539e-17
8.502272425056480643e+03 4.520292699999999918e-17
8.506346187818169710e+03 4.148395900000000512e-17
8.510419950579860597e+03 4.317391100000000646e-17
8.514493713341560579e+03 5.088162200000000670e-17
8.518567476103249646e+03 4.556079000000000053e-17
8.522641238864940533e+03 3.494262199999999930e-17
8.526715001626640515e+03 4.230223800000000585e-17
8.530788764388329582e+03 4.440135700000000877e-17
8.534862527150020469e+03 3.582247900000000433e-17
8.538936289911709537e+03 3.688520000000000770e-17
8.543010052673400423e+03 4.246374000000000205e-17
8.547083815435100405e+03 3.952787300000000913e-17
8.551157578196789473e+03 3.973960100000000490e-17
8.555231340958480359e+03 5.237905200000000074e-17
8.559305103720169427e+03 4.910128299999999986e-17
8.563378866481869409e+03 4.630246500000000163e-17
8.567452629243560295e+03 3.678656300000000226e-17
8.571526392005249363e+03 3.774998700000000192e-17
8.575600154766940250e+03 3.637106000000000004e-17
8.579673917528640231e+03 3.913171900000000415e-17
8.583747680290329299e+03 4.285085200000000548e-17
8.587821443052020186e+03 3.949881100000000666e-17
8.591895205813709254e+03 3.843364800000000909e-17
8.595968968575409235e+03 5.069577700000000150e-17
8.600042731337100122e+03 4.688876500000000289e-17
8.604116494098789190e+03 4.757223900000000428e-17
8.608190256860480076e+03 4.388731600000000671e-17
8.612264019622169144e+03 5.364714300000000688e-17
8.616337782383869126e+03 4.536172300000000679e-17
8.620411545145560012e+03 3.592227099999999904e-17
8.624485307907250899e+03 3.620277100000000305e-17
8.628559070668950881e+03 4.080409300000000495e-17
8.632632833430639948e+03 4.473516300000000633e-17
8.636706596192330835e+03 3.938721600000000090e-17
8.640780358954019903e+03 4.566494900000000647e-17
8.644854121715710789e+03 4.754115300000000383e-17
8.648927884477410771e+03 4.182927100000000312e-17
8.653001647239099839e+03 4.173041400000000648e-17
8.657075410000790725e+03 4.206752000000000155e-17
8.661149172762479793e+03 3.829523500000000853e-17
8.665222935524179775e+03 2.803867000000000089e-17
8.669296698285870661e+03 3.424155900000000428e-17
8.673370461047559729e+03 5.126861299999999986e-17
8.677444223809259711e+03 4.672419400000000580e-17
8.681517986570950598e+03 4.131657200000000227e-17
8.685591749332639665e+03 4.224700700000000143e-17
8.689665512094330552e+03 4.142955300000000624e-17
8.693739274856019620e+03 4.528762700000000305e-17
8.697813037617719601e+03 4.478662100000000225e-17
8.701886800379410488e+03 4.344635900000000324e-17
8.705960563141099556e+03 4.893951700000000312e-17
8.710034325902790442e+03 4.690961000000000318e-17
8.714108088664490424e+03 3.764520100000000162e-17
8.718181851426179492e+03 4.239423100000000076e-17
8.722255614187870378e+03 4.267101300000000487e-17
8.726329376949559446e+03 4.871831800000000414e-17
8.730403139711259428e+03 4.141792600000000171e-17
8.734476902472950314e+03 2.902017800000000366e-17
8.738550665234639382e+03 3.808611400000000192e-17
8.742624427996330269e+03 3.588213199999999777e-17
8.746698190758030250e+03 3.997716800000000656e-17
8.750771953519719318e+03 2.800986100000000587e-17
8.754845716281410205e+03 3.004354100000000197e-17
8.758919479043099273e+03 2.958068300000000221e-17
8.762993241804790159e+03 5.382813700000000292e-17
8.767067004566490141e+03 4.989129200000000590e-17
8.771140767328179209e+03 3.525622100000000249e-17
8.775214530089870095e+03 4.267420300000000370e-17
8.779288292851559163e+03 3.714170900000000344e-17
8.783362055613259145e+03 3.413481500000000151e-17
8.787435818374950031e+03 3.055415000000000316e-17
8.791509581136639099e+03 3.202277100000000218e-17
8.795583343898329986e+03 4.160275900000000791e-17
8.799657106660029967e+03 3.834336000000000302e-17
8.803730869421720854e+03 5.170684200000000391e-17
8.807804632183409922e+03 5.696356600000001138e-17
8.811878394945100808e+03 4.677891900000000148e-17
8.815952157706789876e+03 6.139269399999999828e-17
8.820025920468489858e+03 8.671260399999999993e-17
8.824099683230180744e+03 8.392534700000000456e-17
8.828173445991869812e+03 5.271436500000000061e-17
8.832247208753569794e+03 2.718305700000000233e-17
8.836320971515260680e+03 3.483473400000000035e-17
8.840394734276949748e+03 3.537868400000000276e-17
8.844468497038640635e+03 3.148050400000000245e-17
8.848542259800340616e+03 4.811756400000000565e-17
8.852616022562029684e+03 5.124819700000000122e-17
8.856689785323720571e+03 5.248525700000000933e-17
8.860763548085409639e+03 4.233565600000000799e-17
8.864837310847100525e+03 3.735598900000000443e-17
8.868911073608800507e+03 2.512918100000000187e-17
8.872984836370489575e+03 3.628787800000000390e-17
8.877058599132180461e+03 7.120307700000000639e-17
8.881132361893880443e+03 7.494204300000001519e-17
8.885206124655569511e+03 5.833536499999999867e-17
8.889279887417260397e+03 5.670046800000001371e-17
8.893353650178949465e+03 4.492489100000000021e-17
8.897427412940640352e+03 3.027020699999999903e-17
8.901501175702340333e+03 3.998254700000000447e-17
8.905574938464029401e+03 5.206892900000000158e-17
8.909648701225720288e+03 4.617427100000000272e-17
8.913722463987420269e+03 2.844330500000000243e-17
8.917796226749109337e+03 3.183233900000000686e-17
8.921869989510800224e+03 1.444835700000000183e-17
8.925943752272489291e+03 -1.794450899999999900e-17
8.930017515034180178e+03 4.263268900000000348e-18
8.934091277795880160e+03 1.016097060000000027e-17
8.938165040557569228e+03 2.003908500000000264e-17
8.942238803319260114e+03 2.504914500000000446e-17
8.946312566080949182e+03 2.688461600000000396e-17
8.950386328842649164e+03 1.801382000000000142e-17
8.954460091604340050e+03 1.738569800000000238e-17
8.958533854366029118e+03 3.210113499999999925e-17
8.962607617127720005e+03 5.891926700000000273e-17
8.966681379889410891e+03 5.787413499999999916e-17
8.970755142651110873e+03 3.892225700000000223e-17
8.974828905412799941e+03 2.562775600000000463e-17
8.978902668174490827e+03 3.083603599999999923e-17
8.982976430936190809e+03 3.940427699999999961e-17
8.987050193697879877e+03 2.805515900000000151e-17
8.991123956459570763e+03 3.142060900000000081e-17
8.995197719221259831e+03 4.344316899999999826e-17
8.999271481982959813e+03 4.648132500000000716e-17
9.003345244744650699e+03 4.512497000000000526e-17
9.007419007506339767e+03 3.833407599999999943e-17
9.011492770268030654e+03 3.771636000000000166e-17
9.015566533029730635e+03 3.899596800000000133e-17
9.019640295791419703e+03 4.830673100000000686e-17
9.023714058553110590e+03 5.206018400000000448e-17
9.027787821314799658e+03 4.822845500000000381e-17
9.031861584076490544e+03 4.058275100000000337e-17
9.035935346838190526e+03 4.289921900000000201e-17
9.040009109599879594e+03 4.226178000000000779e-17
9.044082872361570480e+03 3.953048000000000445e-17
9.048156635123259548e+03 3.274872700000000578e-17
9.052230397884959530e+03 2.254932900000000036e-17
9.056304160646650416e+03 3.355601700000000173e-17
9.060377923408339484e+03 2.319082700000000212e-17
9.064451686170030371e+03 2.988265500000000087e-17
9.068525448931730352e+03 4.797768799999999979e-17
9.072599211693419420e+03 5.293021800000000559e-17
9.076672974455110307e+03 3.556537599999999967e-17
9.080746737216799374e+03 3.248221900000000575e-17
9.084820499978499356e+03 3.304731100000000058e-17
9.088894262740190243e+03 2.339926600000000271e-17
9.092968025501879310e+03 3.756283300000000561e-17
9.097041788263570197e+03 4.713841000000000308e-17
9.101115551025259265e+03 3.258410100000000627e-17
9.105189313786959246e+03 3.432407000000000290e-17
9.109263076548650133e+03 4.526832200000000283e-17
9.113336839310339201e+03 4.197656100000000413e-17
9.117410602072039183e+03 4.284604499999999949e-17
9.121484364833730069e+03 3.537264500000000658e-17
9.125558127595419137e+03 2.939270400000000651e-17
9.129631890357110024e+03 3.399312400000000195e-17
9.133705653118799091e+03 4.664820600000000744e-17
9.137779415880500892e+03 5.483109500000000183e-17
9.141853178642189960e+03 4.415423100000000373e-17
9.145926941403880846e+03 3.479831300000000516e-17
9.150000704165569914e+03 2.922905700000000207e-17
9.154074466927269896e+03 3.735019200000000412e-17
9.158148229688960782e+03 4.638943100000000551e-17
9.162221992450649850e+03 4.892626200000000449e-17
9.166295755212340737e+03 5.851930700000000382e-17
9.170369517974029804e+03 5.338166900000000435e-17
9.174443280735729786e+03 3.722185500000000261e-17
9.178517043497420673e+03 4.174591300000000045e-17
9.182590806259109740e+03 4.606123500000000249e-17
9.186664569020809722e+03 3.532325500000000564e-17
9.190738331782500609e+03 4.532722700000000398e-17
9.194812094544189677e+03 4.522001000000000256e-17
9.198885857305880563e+03 2.028106300000000331e-17
9.202959620067569631e+03 3.084246000000000621e-17
9.207033382829269613e+03 2.968627200000000338e-17
9.211107145590960499e+03 4.254323700000000220e-17
9.215180908352649567e+03 3.805427999999999686e-17
9.219254671114349549e+03 2.687276900000000206e-17
9.223328433876040435e+03 3.922957500000000105e-17
9.227402196637729503e+03 4.757882800000000621e-17
9.231475959399420390e+03 3.939701700000000016e-17
9.235549722161120371e+03 4.226228600000000420e-17
9.239623484922809439e+03 5.124365400000000810e-17
9.243697247684500326e+03 4.999241500000000871e-17
9.247771010446189393e+03 4.446853400000000836e-17
9.251844773207880280e+03 5.749399700000000846e-17
9.255918535969580262e+03 5.614453899999999988e-17
9.259992298731269329e+03 3.949914100000000888e-17
9.264066061492960216e+03 3.373992600000000296e-17
9.268139824254660198e+03 3.068552300000000164e-17
9.272213587016349265e+03 4.555710500000000454e-17
9.276287349778040152e+03 5.278615100000000733e-17
9.280361112539729220e+03 4.698893100000000298e-17
9.284434875301429201e+03 4.441279700000000137e-17
9.288508638063120088e+03 5.153492300000000103e-17
9.292582400824809156e+03 5.079636100000000399e-17
9.296656163586500043e+03 4.772409400000000924e-17
9.300729926348189110e+03 6.612397000000000268e-17
9.304803689109889092e+03 7.887007700000000111e-17
9.308877451871579979e+03 6.481940300000000509e-17
9.312951214633270865e+03 4.511884300000000273e-17
9.317024977394959933e+03 4.172514500000000725e-17
9.321098740156659915e+03 4.287108100000000451e-17
9.325172502918350801e+03 5.763305900000000804e-17
9.329246265680039869e+03 3.391758700000000373e-17
9.333320028441730756e+03 3.996449599999999911e-17
9.337393791203430737e+03 4.228143700000000873e-17
9.341467553965119805e+03 3.056882400000000392e-17
9.345541316726810692e+03 2.307972699999999968e-17
9.349615079488499759e+03 4.504615500000000188e-17
9.353688842250199741e+03 5.033063200000000220e-17
9.357762605011890628e+03 4.395955300000000126e-17
9.361836367773579695e+03 2.022377500000000315e-17
9.365910130535270582e+03 4.409674500000000471e-17
9.369983893296970564e+03 5.136853700000000408e-17
9.374057656058659632e+03 1.015218600000000124e-17
9.378131418820350518e+03 1.026894000000000138e-17
9.382205181582039586e+03 3.628758099999999944e-17
9.386278944343730473e+03 6.051201200000000619e-17
9.390352707105430454e+03 6.209353700000000825e-17
9.394426469867119522e+03 5.466587500000000572e-17
9.398500232628810409e+03 5.229660700000000996e-17
9.402573995390499476e+03 3.913286300000000032e-17
9.406647758152199458e+03 3.303679500000000063e-17
9.410721520913890345e+03 4.233886800000000532e-17
9.414795283675579412e+03 4.829457600000000124e-17
9.418869046437270299e+03 4.437019400000000123e-17
9.422942809198970281e+03 2.985490200000000184e-17
9.427016571960659348e+03 1.395034300000000099e-17
9.431090334722350235e+03 2.565458500000000484e-17
9.435164097484039303e+03 5.015489600000000615e-17
9.439237860245739284e+03 4.052463800000000384e-17
9.443311623007430171e+03 3.710349500000000072e-17
9.447385385769119239e+03 5.382160300000000341e-17
9.451459148530810126e+03 4.544196800000000540e-17
9.455532911292499193e+03 4.400903100000000237e-17
9.459606674054199175e+03 3.487748000000000310e-17
9.463680436815890062e+03 4.007130600000000355e-17
9.467754199577579129e+03 5.911493499999999952e-17
9.471827962339279111e+03 4.822442900000000019e-17
9.475901725100969998e+03 3.993463100000000193e-17
9.479975487862660884e+03 3.569552800000000721e-17
9.484049250624349952e+03 2.840153800000000092e-17
9.488123013386040839e+03 3.855800300000000399e-17
9.492196776147740820e+03 2.782050700000000505e-17
9.496270538909429888e+03 2.598536600000000160e-17
9.500344301671120775e+03 4.417791400000000829e-17
9.504418064432809842e+03 3.601194300000000384e-17
9.508491827194509824e+03 2.782859200000000388e-17
9.512565589956200711e+03 3.276850500000000466e-17
9.516639352717889778e+03 6.106290300000000508e-17
9.520713115479580665e+03 5.695418300000000219e-17
9.524786878241280647e+03 5.789919300000000884e-17
9.528860641002969714e+03 6.812256000000000554e-17
9.532934403764660601e+03 5.886444300000000762e-17
9.537008166526349669e+03 5.202956000000000343e-17
9.541081929288049650e+03 3.942662900000000222e-17
9.545155692049740537e+03 2.685876600000000190e-17
9.549229454811429605e+03 3.504785899999999975e-17
9.553303217573120492e+03 3.358375900000000151e-17
9.557376980334809559e+03 2.181658599999999905e-17
9.561450743096509541e+03 3.084639799999999732e-17
9.565524505858200428e+03 5.230902600000000379e-17
9.569598268619889495e+03 5.948248900000000760e-17
9.573672031381589477e+03 5.330904700000000516e-17
9.577745794143280364e+03 6.116931700000000563e-17
9.581819556904969431e+03 4.234569900000000312e-17
9.585893319666660318e+03 4.342398500000000213e-17
9.589967082428360300e+03 5.204751200000000319e-17
9.594040845190049367e+03 6.044658400000000478e-17
9.598114607951740254e+03 5.479758900000000567e-17
9.602188370713429322e+03 4.726750600000000845e-17
9.606262133475120208e+03 4.947437000000000771e-17
9.610335896236820190e+03 6.438844500000000590e-17
9.614409658998509258e+03 5.685191600000000936e-17
9.618483421760200144e+03 6.450604600000000393e-17
9.622557184521900126e+03 6.105192500000001189e-17
9.626630947283589194e+03 2.305138000000000406e-17
9.630704710045280081e+03 1.101524600000000041e-17
9.634778472806969148e+03 3.328179800000000210e-17
9.638852235568660035e+03 4.691817899999999992e-17
9.642925998330360017e+03 6.056696800000000465e-17
9.646999761092050903e+03 5.674999000000001183e-17
9.651073523853739971e+03 2.835066300000000234e-17
9.655147286615439953e+03 3.330000300000000315e-17
9.659221049377130839e+03 5.359554200000000219e-17
9.663294812138819907e+03 3.282392300000000252e-17
9.667368574900510794e+03 2.314043600000000144e-17
9.671442337662199861e+03 4.595626200000000258e-17
9.675516100423899843e+03 5.587774500000000696e-17
9.679589863185590730e+03 4.909151500000000452e-17
9.683663625947279797e+03 5.321362200000000322e-17
9.687737388708970684e+03 5.358334300000000573e-17
9.691811151470670666e+03 3.882065000000000151e-17
9.695884914232359733e+03 6.354672500000000265e-17
9.699958676994050620e+03 6.151522299999999406e-17
9.704032439755739688e+03 1.631610200000000113e-17
9.708106202517439669e+03 1.364158400000000154e-17
9.712179965279130556e+03 5.688345300000000842e-18
9.716253728040819624e+03 2.702467900000000020e-17
9.720327490802510511e+03 4.462499800000000195e-17
9.724401253564199578e+03 4.709168199999999988e-17
9.728475016325899560e+03 4.330626300000000617e-17
9.732548779087590447e+03 3.856380000000000429e-17
9.736622541849279514e+03 4.217794900000000030e-17
9.740696304610970401e+03 3.782751500000000036e-17
9.744770067372670383e+03 1.907708000000000203e-17
9.748843830134359450e+03 1.222227600000000098e-17
9.752917592896050337e+03 4.908786300000000629e-17
9.756991355657739405e+03 5.979052200000000095e-17
9.761065118419430291e+03 5.067618600000000224e-17
9.765138881181130273e+03 5.372392300000000687e-17
9.769212643942819341e+03 4.973216600000000223e-17
9.773286406704510227e+03 3.733612300000000537e-17
9.777360169466210209e+03 4.705474400000000286e-17
9.781433932227899277e+03 6.187119400000000694e-17
9.785507694989590163e+03 7.694993900000000166e-17
9.789581457751279231e+03 3.911768300000000315e-17
9.793655220512979213e+03 4.791950900000000012e-18
9.797728983274670099e+03 2.845858400000000520e-17
9.801802746036359167e+03 3.205594700000000229e-17
9.805876508798050054e+03 3.154550300000000220e-17
9.809950271559739122e+03 5.519061900000000734e-17
9.814024034321439103e+03 3.163910200000000503e-17
9.818097797083129990e+03 3.971531299999999987e-18
9.822171559844820877e+03 3.214547600000000449e-17
9.826245322606520858e+03 4.308547100000000418e-17
9.830319085368209926e+03 6.933571700000000557e-17
9.834392848129900813e+03 6.304867800000001022e-17
9.838466610891589880e+03 3.530304799999999895e-17
9.842540373653280767e+03 2.115625600000000188e-17
9.846614136414980749e+03 4.249539800000000675e-17
9.850687899176669816e+03 3.774951400000000326e-17
9.854761661938360703e+03 2.705453300000000121e-17
9.858835424700060685e+03 3.250938900000000127e-17
9.862909187461749752e+03 2.864127200000000316e-17
9.866982950223440639e+03 3.115895200000000377e-17
9.871056712985129707e+03 5.403729100000000728e-17
9.875130475746829688e+03 7.741533800000000739e-17
9.879204238508520575e+03 7.944695000000000850e-17
9.883278001270209643e+03 6.073360700000000905e-17
9.887351764031900530e+03 5.102339000000000719e-17
9.891425526793589597e+03 5.767735599999999778e-17
9.895499289555289579e+03 5.142019300000000503e-17
9.899573052316980466e+03 2.092116400000000144e-17
9.903646815078669533e+03 4.663281700000000598e-17
9.907720577840360420e+03 5.432656899999999999e-17
9.911794340602060402e+03 1.772089000000000124e-17
9.915868103363749469e+03 4.775777600000000576e-17
9.919941866125440356e+03 7.471153800000001412e-17
9.924015628887129424e+03 4.952145000000000546e-17
9.928089391648829405e+03 3.081141800000000277e-17
9.932163154410520292e+03 1.983104200000000286e-18
9.936236917172209360e+03 -8.540503400000000312e-18
9.940310679933900246e+03 3.855564900000000225e-18
9.944384442695600228e+03 9.144993000000000593e-18
9.948458205457289296e+03 5.497859400000000712e-17
9.952531968218980182e+03 6.663247800000000497e-17
9.956605730980669250e+03 2.901651500000000002e-17
9.960679493742369232e+03 3.587427800000000173e-17
9.964753256504060118e+03 3.052491200000000033e-17
9.968827019265749186e+03 5.198551600000000881e-17
9.972900782027440073e+03 6.897525800000001432e-17
9.976974544789129141e+03 6.323448999999999917e-17
9.981048307550829122e+03 6.926250100000000363e-17
9.985122070312520009e+03 6.999306600000000202e-17
