4933.0782966115  1.401554E-17
4935.03400595105  1.810350E-18
4936.9897152906  2.021237E-17
4938.94542463015  5.465647E-17
4940.9011339697  5.201499E-17
4942.85684330924  5.084238E-17
4944.81255264879  4.004914E-17
4946.76826198834  1.763058E-17
4948.72397132789  4.798058E-17
4950.67968066743  5.113924E-17
4952.63539000698  3.076765E-17
4954.59109934653  -4.939495E-19
4956.54680868608  3.662782E-17
4958.50251802562  4.419694E-17
4960.45822736517  3.203388E-17
4962.41393670472  3.247860E-17
4964.36964604427  2.530265E-17
4966.32535538381  2.287030E-17
4968.28106472336  7.692304E-18
4970.23677406291  -6.305582E-18
4972.19248340246  5.415467E-18
4974.148192742  6.720229E-18
4976.10390208155  1.046040E-18
4978.0596114211  -7.278988E-18
4980.01532076065  1.089386E-17
4981.97103010019  1.477110E-17
4983.92673943974  8.846578E-18
4985.88244877929  1.914474E-17
4987.83815811884  3.391544E-17
4989.79386745838  2.884427E-17
4991.74957679793  2.493202E-17
4993.70528613748  2.808302E-17
4995.66099547703  1.513159E-17
4997.61670481657  1.434065E-17
4999.57241415612  -3.865438E-18
5001.52812349567  1.997239E-17
5003.48383283522  3.327240E-17
5005.43954217476  2.278855E-17
5007.39525151431  8.197994E-18
5009.35096085386  -1.109443E-17
5011.30667019341  1.378786E-17
5013.26237953295  4.266569E-17
5015.2180888725  2.982771E-17
5017.17379821205  1.666672E-17
5019.1295075516  1.979137E-17
5021.08521689114  1.718666E-17
5023.04092623069  5.959650E-18
5024.99663557024  2.140864E-18
5026.95234490979  3.428484E-17
5028.90805424933  4.311069E-17
5030.86376358888  3.132787E-17
5032.81947292843  1.577881E-17
5034.77518226798  1.489352E-17
5036.73089160752  2.369934E-17
5038.68660094707  3.546836E-17
5040.64231028662  1.641498E-17
5042.59801962617  8.236871E-18
5044.55372896571  2.471830E-17
5046.50943830526  2.540324E-17
5048.46514764481  8.749635E-18
5050.42085698436  9.915108E-18
5052.3765663239  6.997393E-18
5054.33227566345  4.071155E-17
5056.287985003  3.705538E-17
5058.24369434255  2.607954E-17
5060.19940368209  2.815486E-17
5062.15511302164  3.452411E-17
5064.11082236119  1.736268E-17
5066.06653170074  2.863096E-17
5068.02224104028  3.585427E-17
5069.97795037983  3.337565E-17
5071.93365971938  2.059785E-17
5073.88936905893  1.437078E-18
5075.84507839847  9.991774E-18
5077.80078773802  2.424524E-17
5079.75649707757  3.530620E-17
5081.71220641712  3.025762E-17
5083.66791575666  4.151080E-17
5085.62362509621  3.647414E-17
5087.57933443576  2.441261E-17
5089.53504377531  2.202716E-17
5091.49075311485  2.440100E-17
5093.4464624544  2.406070E-17
5095.40217179395  3.087643E-17
5097.3578811335  4.848116E-17
5099.31359047305  4.461000E-17
5101.26929981259  2.914225E-17
5103.22500915214  2.382775E-17
5105.18071849169  3.835460E-17
5107.13642783123  1.893514E-17
5109.09213717078  2.063572E-17
5111.04784651033  2.250697E-17
5113.00355584988  1.595404E-17
5114.95926518942  1.601577E-17
5116.91497452897  2.655610E-17
5118.87068386852  2.225902E-17
5120.82639320807  2.295721E-17
5122.78210254762  1.610713E-17
5124.73781188716  3.806972E-17
5126.69352122671  2.829495E-17
5128.64923056626  2.471938E-17
5130.60493990581  3.009509E-17
5132.56064924535  2.688869E-17
5134.5163585849  1.982296E-17
5136.47206792445  1.842272E-17
5138.42777726399  3.046045E-17
5140.38348660354  3.058789E-17
5142.33919594309  2.840899E-17
5144.29490528264  3.200618E-17
5146.25061462218  3.128825E-17
5148.20632396173  3.006838E-17
5150.16203330128  2.362965E-17
5152.11774264083  1.062894E-17
5154.07345198037  2.764106E-17
5156.02916131992  3.336200E-17
5157.98487065947  2.151221E-17
5159.94057999902  4.336369E-17
5161.89628933856  2.428428E-17
5163.85199867811  1.477503E-17
5165.80770801766  1.525535E-17
5167.76341735721  2.190246E-17
5169.71912669676  2.899164E-17
5171.6748360363  4.159887E-17
5173.63054537585  3.780671E-17
5175.5862547154  2.453880E-17
5177.54196405494  1.411032E-17
5179.49767339449  8.309928E-18
5181.45338273404  3.759709E-17
5183.40909207359  4.284602E-17
5185.36480141313  3.566880E-17
5187.32051075268  1.314498E-17
5189.27622009223  1.699326E-17
5191.23192943178  2.797723E-17
5193.18763877133  3.125482E-17
5195.14334811087  3.394490E-17
5197.09905745042  3.502535E-17
5199.05476678997  3.358417E-17
5201.01047612952  4.555351E-17
5202.96618546906  4.524049E-17
5204.92189480861  2.268782E-17
5206.87760414816  5.903940E-18
5208.83331348771  6.409279E-18
5210.78902282725  3.076064E-17
5212.7447321668  4.418866E-17
5214.70044150635  3.275248E-17
5216.65615084589  3.189754E-17
5218.61186018544  3.351765E-17
5220.56756952499  2.663190E-17
5222.52327886454  2.777375E-17
5224.47898820409  1.003285E-17
5226.43469754363  1.634571E-17
5228.39040688318  3.078293E-17
5230.34611622273  2.695504E-17
5232.30182556227  3.096198E-17
5234.25753490182  3.453131E-17
5236.21324424137  2.638543E-17
5238.16895358092  1.830541E-17
5240.12466292047  3.194263E-17
5242.08037226001  3.284201E-17
5244.03608159956  2.309995E-17
5245.99179093911  2.715911E-17
5247.94750027865  2.882440E-17
5249.9032096182  3.672947E-17
5251.85891895775  1.584571E-17
5253.8146282973  2.762594E-17
5255.77033763685  2.704794E-17
5257.72604697639  2.551251E-17
5259.68175631594  2.796439E-17
5261.63746565549  3.137087E-17
5263.59317499504  3.648457E-17
5265.54888433458  3.530715E-17
5267.50459367413  3.402076E-17
5269.46030301368  1.717796E-17
5271.41601235323  2.393642E-17
5273.37172169277  3.753282E-17
5275.32743103232  4.013199E-17
5277.28314037187  2.832366E-17
5279.23884971142  2.503667E-17
5281.19455905096  1.770040E-17
5283.15026839051  2.517140E-17
5285.10597773006  3.046761E-17
5287.06168706961  3.382137E-17
5289.01739640915  2.874316E-17
5290.9731057487  3.531961E-17
5292.92881508825  3.652649E-17
5294.8845244278  2.258131E-17
5296.84023376734  3.149147E-17
5298.79594310689  3.620524E-17
5300.75165244644  2.685002E-17
5302.70736178599  3.118726E-17
5304.66307112553  3.168687E-17
5306.61878046508  1.983273E-17
5308.57448980463  2.510482E-17
5310.53019914418  2.900423E-17
5312.48590848372  2.096422E-17
5314.44161782327  2.821966E-17
5316.39732716282  3.234180E-17
5318.35303650237  3.893314E-17
5320.30874584191  1.270282E-17
5322.26445518146  2.606873E-17
5324.22016452101  2.984744E-17
5326.17587386056  1.801885E-17
5328.1315832001  4.122829E-17
5330.08729253965  4.985758E-17
5332.0430018792  3.802753E-17
5333.99871121875  2.603707E-17
5335.95442055829  3.911537E-17
5337.91012989784  3.928515E-17
5339.86583923739  3.232753E-17
5341.82154857694  3.467634E-17
5343.77725791649  3.298738E-17
5345.73296725603  3.629773E-17
5347.68867659558  2.755979E-17
5349.64438593513  5.283189E-17
5351.60009527467  3.078384E-17
5353.55580461422  2.701158E-17
5355.51151395377  2.072102E-17
5357.46722329332  4.080447E-17
5359.42293263286  3.195906E-17
5361.37864197241  1.937675E-17
5363.33435131196  1.470107E-17
5365.29006065151  2.800841E-17
5367.24576999105  3.326539E-17
5369.2014793306  3.210812E-17
5371.15718867015  3.142927E-17
5373.1128980097  3.669854E-17
5375.06860734924  3.564936E-17
5377.02431668879  3.918945E-17
5378.98002602834  3.821696E-17
5380.93573536789  2.689222E-17
5382.89144470743  2.532099E-17
5384.84715404698  3.650828E-17
5386.80286338653  3.906191E-17
5388.75857272608  3.844048E-17
5390.71428206562  3.385382E-17
5392.66999140517  2.361098E-17
5394.62570074472  3.030754E-17
5396.58141008427  2.338770E-17
5398.53711942381  3.654909E-17
5400.49282876336  3.669906E-17
5402.44853810291  2.110446E-17
5404.40424744246  2.837505E-17
5406.35995678201  3.961793E-17
5408.31566612155  2.668600E-17
5410.2713754611  3.411867E-17
5412.22708480065  3.501138E-17
5414.1827941402  2.134209E-17
5416.13850347974  2.697322E-17
5418.09421281929  2.773036E-17
5420.04992215884  1.310369E-17
5422.00563149838  2.092205E-17
5423.96134083793  2.883934E-17
5425.91705017748  1.530872E-17
5427.87275951703  3.612916E-17
5429.82846885657  4.536050E-17
5431.78417819612  3.795981E-17
5433.73988753567  2.946547E-17
5435.69559687522  1.879252E-17
5437.65130621476  2.475111E-17
5439.60701555431  3.052069E-17
5441.56272489386  3.024710E-17
5443.51843423341  3.725560E-17
5445.47414357295  4.359800E-17
5447.4298529125  3.876566E-17
5449.38556225205  5.572053E-17
5451.3412715916  3.937693E-17
5453.29698093114  4.972940E-17
5455.25269027069  4.506707E-17
5457.20839961024  3.674975E-17
5459.16410894979  3.577334E-17
5461.11981828933  3.012948E-17
5463.07552762888  3.027711E-17
5465.03123696843  3.914777E-17
5466.98694630798  4.179088E-17
5468.94265564752  3.817634E-17
5470.89836498707  3.677647E-17
5472.85407432662  2.746573E-17
5474.80978366617  2.432368E-17
5476.76549300572  3.564454E-17
5478.72120234526  1.707073E-17
5480.67691168481  2.713158E-17
5482.63262102436  3.425290E-17
5484.58833036391  4.539714E-17
5486.54403970345  3.455475E-17
5488.499749043  3.634971E-17
5490.45545838255  3.831256E-17
5492.41116772209  3.401633E-17
5494.36687706164  2.166921E-17
5496.32258640119  3.682781E-17
5498.27829574074  3.072389E-17
5500.23400508028  1.384494E-17
5502.18971441983  2.356409E-17
5504.14542375938  3.904178E-17
5506.10113309893  4.093319E-17
5508.05684243847  2.859409E-17
5510.01255177802  3.600948E-17
5511.96826111757  1.317433E-17
5513.92397045712  1.140000E-17
5515.87967979667  1.347546E-17
5517.83538913621  2.871958E-17
5519.79109847576  4.618153E-17
5521.74680781531  4.122370E-17
5523.70251715485  3.440728E-17
5525.6582264944  3.521634E-17
5527.61393583395  5.121951E-17
5529.5696451735  5.853084E-17
5531.52535451304  5.645496E-17
5533.48106385259  4.670742E-17
5535.43677319214  2.001003E-17
5537.39248253169  3.571253E-17
5539.34819187123  3.236509E-17
5541.30390121078  3.923516E-17
5543.25961055033  3.987963E-17
5545.21531988988  2.661367E-17
5547.17102922943  2.989426E-17
5549.12673856897  2.845973E-17
5551.08244790852  3.092044E-17
5553.03815724807  1.601879E-17
5554.99386658761  2.398937E-17
5556.94957592716  3.268799E-17
5558.90528526671  2.340034E-17
5560.86099460626  2.379479E-17
5562.8167039458  4.271008E-17
5564.77241328535  3.326350E-17
5566.7281226249  3.640524E-17
5568.68383196445  2.094142E-17
5570.63954130399  3.873514E-17
5572.59525064354  4.063529E-17
5574.55095998309  3.577701E-17
5576.50666932264  4.104499E-17
5578.46237866218  3.993714E-17
5580.41808800173  3.607991E-17
5582.37379734128  3.263689E-17
5584.32950668083  4.375716E-17
5586.28521602038  4.831062E-17
5588.24092535992  3.413675E-17
5590.19663469947  3.192618E-17
5592.15234403902  3.207458E-17
5594.10805337856  3.110940E-17
5596.06376271811  4.087955E-17
5598.01947205766  3.480678E-17
5599.97518139721  3.098834E-17
5601.93089073676  3.336224E-17
5603.8866000763  3.118402E-17
5605.84230941585  3.311614E-17
5607.7980187554  3.332160E-17
5609.75372809495  3.176451E-17
5611.70943743449  3.048227E-17
5613.66514677404  3.347346E-17
5615.62085611359  3.209041E-17
5617.57656545314  3.739745E-17
5619.53227479268  4.064677E-17
5621.48798413223  3.353357E-17
5623.44369347178  2.604141E-17
5625.39940281132  3.754505E-17
5627.35511215087  4.179521E-17
5629.31082149042  3.011115E-17
5631.26653082997  3.536634E-17
5633.22224016951  3.262459E-17
5635.17794950906  3.120142E-17
5637.13365884861  4.030530E-17
5639.08936818816  4.609268E-17
5641.04507752771  3.826894E-17
5643.00078686725  4.009055E-17
5644.9564962068  5.054694E-17
5646.91220554635  3.531762E-17
5648.8679148859  2.882045E-17
5650.82362422544  3.915234E-17
5652.77933356499  2.840039E-17
5654.73504290454  2.697769E-17
5656.69075224409  4.502156E-17
5658.64646158363  4.307574E-17
5660.60217092318  3.329307E-17
5662.55788026273  3.347508E-17
5664.51358960228  2.470923E-17
5666.46929894182  2.020670E-17
5668.42500828137  3.868175E-17
5670.38071762092  5.019648E-17
5672.33642696047  3.795763E-17
5674.29213630001  3.681271E-17
5676.24784563956  3.005692E-17
5678.20355497911  2.894283E-17
5680.15926431866  3.755642E-17
5682.1149736582  4.050047E-17
5684.07068299775  3.200941E-17
5686.0263923373  4.052225E-17
5687.98210167685  5.329711E-17
5689.93781101639  3.628547E-17
5691.89352035594  3.360823E-17
5693.84922969549  4.398653E-17
5695.80493903504  4.667517E-17
5697.76064837458  4.427418E-17
5699.71635771413  3.474442E-17
5701.67206705368  3.765421E-17
5703.62777639323  3.776134E-17
5705.58348573277  4.537433E-17
5707.53919507232  4.093064E-17
5709.49490441187  3.283162E-17
5711.45061375142  3.982650E-17
5713.40632309096  4.247945E-17
5715.36203243051  3.782529E-17
5717.31774177006  4.598754E-17
5719.27345110961  4.029429E-17
5721.22916044915  4.331524E-17
5723.1848697887  3.977080E-17
5725.14057912825  4.605049E-17
5727.0962884678  2.915430E-17
5729.05199780734  3.340206E-17
5731.00770714689  5.274454E-17
5732.96341648644  4.664858E-17
5734.91912582599  3.026563E-17
5736.87483516553  2.517219E-17
5738.83054450508  4.067027E-17
5740.78625384463  3.899300E-17
5742.74196318418  4.796675E-17
5744.69767252372  4.921335E-17
5746.65338186327  3.053661E-17
5748.60909120282  3.292885E-17
5750.56480054237  4.349281E-17
5752.52050988191  4.647620E-17
5754.47621922146  3.878568E-17
5756.43192856101  3.519437E-17
5758.38763790056  3.812018E-17
5760.3433472401  4.481084E-17
5762.29905657965  2.507550E-17
5764.2547659192  3.589462E-17
5766.21047525875  3.137912E-17
5768.16618459829  5.649190E-17
5770.12189393784  3.963166E-17
5772.07760327739  4.370452E-17
5774.03331261694  4.533078E-17
5775.98902195648  3.896246E-17
5777.94473129603  4.487017E-17
5779.90044063558  3.685641E-17
5781.85614997513  2.856527E-17
5783.81185931467  2.613407E-17
5785.76756865422  3.505157E-17
5787.72327799377  4.410948E-17
5789.67898733332  3.859988E-17
5791.63469667286  2.198905E-17
5793.59040601241  3.112053E-17
5795.54611535196  3.178192E-17
5797.50182469151  2.093323E-17
5799.45753403105  3.436066E-17
5801.4132433706  3.206424E-17
5803.36895271015  1.649092E-17
5805.3246620497  2.789865E-17
5807.28037138924  4.640703E-17
5809.23608072879  5.930591E-17
5811.19179006834  4.708764E-17
5813.14749940789  4.233743E-17
5815.10320874743  4.045857E-17
5817.05891808698  5.305645E-17
5819.01462742653  4.928797E-17
5820.97033676608  4.140811E-17
5822.92604610563  3.684654E-17
5824.88175544517  3.177815E-17
5826.83746478472  3.925264E-17
5828.79317412427  4.692911E-17
5830.74888346382  4.752644E-17
5832.70459280336  3.728996E-17
5834.66030214291  2.462239E-17
5836.61601148246  4.343743E-17
5838.571720822  3.012227E-17
5840.52743016155  2.501734E-17
5842.4831395011  2.807360E-17
5844.43884884065  3.999460E-17
5846.39455818019  5.149328E-17
5848.35026751974  5.374598E-17
5850.30597685929  5.731685E-17
5852.26168619884  4.705486E-17
5854.21739553838  4.388312E-17
5856.17310487793  4.761676E-17
5858.12881421748  5.581798E-17
5860.08452355703  5.092644E-17
5862.04023289657  3.662643E-17
5863.99594223612  4.697101E-17
5865.95165157567  5.666726E-17
5867.90736091522  5.659906E-17
5869.86307025476  6.563283E-17
5871.81877959431  5.814315E-17
5873.77448893386  4.554423E-17
5875.73019827341  4.853519E-17
5877.68590761295  4.060782E-17
5879.6416169525  4.391009E-17
5881.59732629205  5.402810E-17
5883.5530356316  5.635138E-17
5885.50874497115  5.372070E-17
5887.46445431069  5.143875E-17
5889.42016365024  4.012560E-17
5891.37587298979  4.335511E-17
5893.33158232934  4.670775E-17
5895.28729166888  4.033733E-17
5897.24300100843  5.460549E-17
5899.19871034798  5.184139E-17
5901.15441968753  4.334069E-17
5903.11012902707  4.907848E-17
5905.06583836662  3.542515E-17
5907.02154770617  4.582504E-17
5908.97725704571  4.515422E-17
5910.93296638526  4.840124E-17
5912.88867572481  5.007888E-17
5914.84438506436  5.454009E-17
5916.8000944039  4.149143E-17
5918.75580374345  4.183618E-17
5920.711513083  4.633073E-17
5922.66722242255  5.500506E-17
5924.62293176209  3.916349E-17
5926.57864110164  3.046110E-17
5928.53435044119  5.012985E-17
5930.49005978074  4.694839E-17
5932.44576912028  4.199667E-17
5934.40147845983  5.033442E-17
5936.35718779938  4.794222E-17
5938.31289713893  5.772622E-17
5940.26860647847  3.140352E-17
5942.22431581802  4.157132E-17
5944.18002515757  6.334297E-17
5946.13573449712  6.469004E-17
5948.09144383666  4.293559E-17
5950.04715317621  4.997622E-17
5952.00286251576  5.649008E-17
5953.95857185531  3.833646E-17
5955.91428119486  2.486106E-17
5957.8699905344  3.771712E-17
5959.82569987395  4.293922E-17
5961.7814092135  4.490062E-17
5963.73711855305  4.887944E-17
5965.69282789259  4.339216E-17
5967.64853723214  3.547774E-17
5969.60424657169  4.432717E-17
5971.55995591124  4.223923E-17
5973.51566525078  4.252806E-17
5975.47137459033  4.502335E-17
5977.42708392988  4.259752E-17
5979.38279326942  4.211380E-17
5981.33850260897  3.388024E-17
5983.29421194852  4.577526E-17
5985.24992128807  4.980535E-17
5987.20563062762  4.844685E-17
5989.16133996716  4.962541E-17
5991.11704930671  4.889864E-17
5993.07275864626  4.892242E-17
5995.02846798581  4.896604E-17
5996.98417732535  3.734930E-17
5998.9398866649  4.595599E-17
6000.89559600445  4.195854E-17
6002.851305344  3.381431E-17
6004.80701468354  3.080702E-17
6006.76272402309  4.970980E-17
6008.71843336264  5.085145E-17
6010.67414270218  5.389435E-17
6012.62985204173  4.989894E-17
6014.58556138128  4.434512E-17
6016.54127072083  3.858067E-17
6018.49698006038  4.315328E-17
6020.45268939992  5.203476E-17
6022.40839873947  5.894764E-17
6024.36410807902  6.088673E-17
6026.31981741857  5.822373E-17
6028.27552675811  5.661078E-17
6030.23123609766  4.516962E-17
6032.18694543721  4.386599E-17
6034.14265477676  3.757788E-17
6036.0983641163  4.224211E-17
6038.05407345585  4.307976E-17
6040.0097827954  4.622084E-17
6041.96549213494  3.743684E-17
6043.92120147449  4.412486E-17
6045.87691081404  5.808096E-17
6047.83262015359  6.309241E-17
6049.78832949314  5.184587E-17
6051.74403883268  4.602155E-17
6053.69974817223  4.586382E-17
6055.65545751178  4.286568E-17
6057.61116685133  4.928604E-17
6059.56687619087  4.689460E-17
6061.52258553042  5.411445E-17
6063.47829486997  4.871062E-17
6065.43400420952  3.581626E-17
6067.38971354906  4.759659E-17
6069.34542288861  4.929256E-17
6071.30113222816  5.349450E-17
6073.25684156771  4.912808E-17
6075.21255090725  4.040179E-17
6077.1682602468  3.879838E-17
6079.12396958635  4.318877E-17
6081.0796789259  3.849458E-17
6083.03538826544  4.324725E-17
6084.99109760499  5.032812E-17
6086.94680694454  5.625272E-17
6088.90251628409  4.672168E-17
6090.85822562363  3.570331E-17
6092.81393496318  4.535173E-17
6094.76964430273  5.310102E-17
6096.72535364228  4.720589E-17
6098.68106298182  4.815452E-17
6100.63677232137  4.511949E-17
6102.59248166092  4.753322E-17
6104.54819100047  4.841528E-17
6106.50390034001  5.174586E-17
6108.45960967956  4.741011E-17
6110.41531901911  4.791037E-17
6112.37102835865  4.948447E-17
6114.3267376982  5.123386E-17
6116.28244703775  4.540127E-17
6118.2381563773  4.035407E-17
6120.19386571685  5.327369E-17
6122.14957505639  6.600132E-17
6124.10528439594  7.095940E-17
6126.06099373549  6.040891E-17
6128.01670307504  5.500234E-17
6129.97241241458  5.843087E-17
6131.92812175413  5.564430E-17
6133.88383109368  5.404317E-17
6135.83954043323  4.442884E-17
6137.79524977277  5.669785E-17
6139.75095911232  5.803313E-17
6141.70666845187  4.744981E-17
6143.66237779142  4.522957E-17
6145.61808713096  4.664689E-17
6147.57379647051  4.429822E-17
6149.52950581006  4.847021E-17
6151.48521514961  4.513523E-17
6153.44092448915  4.936178E-17
6155.3966338287  4.925152E-17
6157.35234316825  4.716531E-17
6159.3080525078  5.071917E-17
6161.26376184734  4.525484E-17
6163.21947118689  5.419183E-17
6165.17518052644  5.403684E-17
6167.13088986599  4.656533E-17
6169.08659920553  5.062825E-17
6171.04230854508  5.164064E-17
6172.99801788463  4.741753E-17
6174.95372722418  4.686386E-17
6176.90943656372  4.964175E-17
6178.86514590327  5.263304E-17
6180.82085524282  5.683932E-17
6182.77656458237  4.754057E-17
6184.73227392191  5.116139E-17
6186.68798326146  6.768996E-17
6188.64369260101  5.527571E-17
6190.59940194056  5.275411E-17
6192.55511128011  4.984484E-17
6194.51082061965  4.807085E-17
6196.4665299592  4.637265E-17
6198.42223929875  4.675564E-17
6200.37794863829  5.704048E-17
6202.33365797784  6.096543E-17
6204.28936731739  5.673280E-17
6206.24507665694  5.852428E-17
6208.20078599648  5.273810E-17
6210.15649533603  4.248754E-17
6212.11220467558  5.503720E-17
6214.06791401513  6.129472E-17
6216.02362335467  5.509108E-17
6217.97933269422  4.312994E-17
6219.93504203377  6.148448E-17
6221.89075137332  5.928750E-17
6223.84646071286  4.654435E-17
6225.80217005241  5.500756E-17
6227.75787939196  5.551250E-17
6229.71358873151  5.118168E-17
6231.66929807105  5.320873E-17
6233.6250074106  6.385568E-17
6235.58071675015  6.430278E-17
6237.5364260897  6.603228E-17
6239.49213542924  5.104544E-17
6241.44784476879  4.874114E-17
6243.40355410834  6.861092E-17
6245.35926344789  5.017059E-17
6247.31497278743  5.448761E-17
6249.27068212698  5.487605E-17
6251.22639146653  5.413784E-17
6253.18210080608  6.416435E-17
6255.13781014562  6.203754E-17
6257.09351948517  5.653961E-17
6259.04922882472  5.922148E-17
6261.00493816427  6.849535E-17
6262.96064750381  5.804027E-17
6264.91635684336  6.292589E-17
6266.87206618291  5.950934E-17
6268.82777552246  5.379481E-17
6270.783484862  4.391038E-17
6272.73919420155  4.620675E-17
6274.6949035411  5.934307E-17
6276.65061288065  4.780437E-17
6278.60632222019  5.193732E-17
6280.56203155974  5.656317E-17
6282.51774089929  6.250426E-17
6284.47345023884  7.060882E-17
6286.42915957838  6.341559E-17
6288.38486891793  5.552219E-17
6290.34057825748  5.384864E-17
6292.29628759703  4.653544E-17
6294.25199693657  6.004811E-17
6296.20770627612  6.198893E-17
6298.16341561567  4.880629E-17
6300.11912495522  4.956519E-17
6302.07483429477  5.926627E-17
6304.03054363431  5.645070E-17
6305.98625297386  6.557828E-17
6307.94196231341  5.321973E-17
6309.89767165296  4.858018E-17
6311.8533809925  5.927673E-17
6313.80909033205  5.931788E-17
6315.7647996716  5.782370E-17
6317.72050901115  5.500692E-17
6319.67621835069  5.124346E-17
6321.63192769024  5.707737E-17
6323.58763702979  4.684431E-17
6325.54334636933  3.685646E-17
6327.49905570888  5.150658E-17
6329.45476504843  4.646275E-17
6331.41047438798  5.633411E-17
6333.36618372752  5.971388E-17
6335.32189306707  5.633605E-17
6337.27760240662  5.673877E-17
6339.23331174617  5.096809E-17
6341.18902108571  5.237473E-17
6343.14473042526  5.136454E-17
6345.10043976481  4.609188E-17
6347.05614910436  5.346207E-17
6349.0118584439  4.844901E-17
6350.96756778345  5.303797E-17
6352.923277123  6.525758E-17
6354.87898646255  6.237039E-17
6356.83469580209  6.394227E-17
6358.79040514164  5.749140E-17
6360.74611448119  5.410855E-17
6362.70182382074  6.174304E-17
6364.65753316029  6.319214E-17
6366.61324249983  6.190045E-17
6368.56895183938  6.125272E-17
6370.52466117893  6.081871E-17
6372.48037051848  6.686642E-17
6374.43607985802  6.166229E-17
6376.39178919757  6.415414E-17
6378.34749853712  6.283828E-17
6380.30320787667  5.858426E-17
6382.25891721621  5.703897E-17
6384.21462655576  5.605423E-17
6386.17033589531  5.336068E-17
6388.12604523486  6.116800E-17
6390.0817545744  5.670524E-17
6392.03746391395  5.744770E-17
6393.9931732535  5.424110E-17
6395.94888259304  5.597414E-17
6397.90459193259  5.727780E-17
6399.86030127214  5.444980E-17
6401.81601061169  5.871685E-17
6403.77171995123  5.825611E-17
6405.72742929078  4.706205E-17
6407.68313863033  4.666241E-17
6409.63884796988  4.741796E-17
6411.59455730943  4.620781E-17
6413.55026664897  5.427020E-17
6415.50597598852  5.032363E-17
6417.46168532807  5.057079E-17
6419.41739466762  5.559881E-17
6421.37310400716  5.249502E-17
6423.32881334671  4.028630E-17
6425.28452268626  4.980434E-17
6427.24023202581  5.352340E-17
6429.19594136535  5.228140E-17
6431.1516507049  5.153836E-17
6433.10736004445  5.772430E-17
6435.063069384  4.942794E-17
6437.01877872354  4.924515E-17
6438.97448806309  4.592022E-17
6440.93019740264  5.870441E-17
6442.88590674219  5.886867E-17
6444.84161608173  5.311609E-17
6446.79732542128  5.611420E-17
6448.75303476083  4.381264E-17
6450.70874410038  5.072565E-17
6452.66445343992  5.650493E-17
6454.62016277947  5.949021E-17
6456.57587211902  4.871156E-17
6458.53158145857  4.985617E-17
6460.48729079811  6.175456E-17
6462.44300013766  5.877488E-17
6464.39870947721  5.431519E-17
6466.35441881675  5.053306E-17
6468.3101281563  5.299506E-17
6470.26583749585  5.557253E-17
6472.2215468354  5.859847E-17
6474.17725617495  6.487493E-17
6476.13296551449  4.775591E-17
6478.08867485404  5.166689E-17
6480.04438419359  6.384404E-17
6482.00009353314  6.638186E-17
6483.95580287268  6.759964E-17
6485.91151221223  6.088374E-17
6487.86722155178  5.898929E-17
6489.82293089133  5.783997E-17
6491.77864023087  5.330100E-17
6493.73434957042  4.649678E-17
6495.69005890997  5.626740E-17
6497.64576824952  7.228618E-17
6499.60147758906  6.074811E-17
6501.55718692861  5.960271E-17
6503.51289626816  6.190611E-17
6505.46860560771  5.588461E-17
6507.42431494725  5.269897E-17
6509.3800242868  5.976097E-17
6511.33573362635  6.090364E-17
6513.2914429659  6.072374E-17
6515.24715230544  5.674087E-17
6517.20286164499  4.638365E-17
6519.15857098454  4.699588E-17
6521.11428032409  5.411989E-17
6523.06998966364  5.471459E-17
6525.02569900318  5.305485E-17
6526.98140834273  5.536748E-17
6528.93711768228  6.197659E-17
6530.89282702182  5.541155E-17
6532.84853636137  4.944883E-17
6534.80424570092  5.315474E-17
6536.75995504047  4.886472E-17
6538.71566438001  5.144930E-17
6540.67137371956  5.582527E-17
6542.62708305911  6.521745E-17
6544.58279239866  6.921333E-17
6546.5385017382  6.330680E-17
6548.49421107775  6.353753E-17
6550.4499204173  6.509512E-17
6552.40562975685  5.660180E-17
6554.36133909639  4.761094E-17
6556.31704843594  6.113919E-17
6558.27275777549  5.463343E-17
6560.22846711504  5.658443E-17
6562.18417645458  5.202444E-17
6564.13988579413  6.289494E-17
6566.09559513368  6.631027E-17
6568.05130447323  6.016518E-17
6570.00701381277  5.669084E-17
6571.96272315232  5.894382E-17
6573.91843249187  6.089669E-17
6575.87414183142  6.403528E-17
6577.82985117096  6.784326E-17
6579.78556051051  6.814321E-17
6581.74126985006  5.983058E-17
6583.69697918961  6.026731E-17
6585.65268852915  6.433805E-17
6587.6083978687  6.378551E-17
6589.56410720825  6.181813E-17
6591.5198165478  6.225410E-17
6593.47552588735  6.180478E-17
6595.43123522689  6.170186E-17
6597.38694456644  6.073181E-17
6599.34265390599  6.099953E-17
6601.29836324553  5.723638E-17
6603.25407258508  5.428142E-17
6605.20978192463  5.299336E-17
6607.16549126418  5.789885E-17
6609.12120060372  5.676004E-17
6611.07690994327  4.574681E-17
6613.03261928282  5.469580E-17
6614.98832862237  5.736306E-17
6616.94403796191  6.266258E-17
6618.89974730146  6.953288E-17
6620.85545664101  6.719812E-17
6622.81116598056  6.566070E-17
6624.7668753201  5.783237E-17
6626.72258465965  5.871115E-17
6628.6782939992  6.832975E-17
6630.63400333875  4.344265E-17
6632.58971267829  3.988855E-17
6634.54542201784  5.906242E-17
6636.50113135739  7.151171E-17
6638.45684069694  5.672095E-17
6640.41255003648  5.373517E-17
6642.36825937603  6.282345E-17
6644.32396871558  6.905425E-17
6646.27967805513  6.298841E-17
6648.23538739467  5.834544E-17
6650.19109673422  6.285375E-17
6652.14680607377  5.803191E-17
6654.10251541332  6.609987E-17
6656.05822475286  6.426164E-17
6658.01393409241  6.029276E-17
6659.96964343196  5.988219E-17
6661.92535277151  6.850558E-17
6663.88106211106  7.090590E-17
6665.8367714506  7.256044E-17
6667.79248079015  7.632339E-17
6669.7481901297  7.441161E-17
6671.70389946925  6.660836E-17
6673.65960880879  7.243089E-17
6675.61531814834  7.437558E-17
6677.57102748789  7.301636E-17
6679.52673682744  6.480931E-17
6681.48244616698  5.557633E-17
6683.43815550653  6.315931E-17
6685.39386484608  7.002209E-17
6687.34957418562  6.799775E-17
6689.30528352517  6.004002E-17
6691.26099286472  5.970818E-17
6693.21670220427  6.268041E-17
6695.17241154382  6.531249E-17
6697.12812088336  7.349626E-17
6699.08383022291  6.836254E-17
6701.03953956246  6.566701E-17
6702.995248902  6.370184E-17
6704.95095824155  6.545681E-17
6706.9066675811  6.659799E-17
6708.86237692065  6.200608E-17
6710.81808626019  6.548962E-17
6712.77379559974  6.524669E-17
6714.72950493929  6.270011E-17
6716.68521427884  6.328902E-17
6718.64092361838  5.263778E-17
6720.59663295793  6.001008E-17
6722.55234229748  6.633582E-17
6724.50805163703  6.813237E-17
6726.46376097658  6.701895E-17
6728.41947031612  7.349944E-17
6730.37517965567  7.185500E-17
6732.33088899522  6.805002E-17
6734.28659833477  7.235236E-17
6736.24230767431  6.588273E-17
6738.19801701386  6.144611E-17
6740.15372635341  7.618601E-17
6742.10943569296  6.741760E-17
6744.0651450325  6.005843E-17
6746.02085437205  7.158294E-17
6747.9765637116  6.872504E-17
6749.93227305115  5.932306E-17
6751.88798239069  7.059319E-17
6753.84369173024  6.429784E-17
6755.79940106979  7.181907E-17
6757.75511040933  7.265256E-17
6759.71081974888  7.798665E-17
6761.66652908843  7.310536E-17
6763.62223842798  6.556114E-17
6765.57794776753  7.509209E-17
6767.53365710707  7.267901E-17
6769.48936644662  7.644565E-17
6771.44507578617  7.859824E-17
6773.40078512571  6.565239E-17
6775.35649446526  6.516254E-17
6777.31220380481  6.995595E-17
6779.26791314436  6.714109E-17
6781.22362248391  7.548425E-17
6783.17933182345  7.296503E-17
6785.135041163  6.717471E-17
6787.09075050255  6.664846E-17
6789.0464598421  7.358239E-17
6791.00216918164  6.921079E-17
6792.95787852119  7.099716E-17
6794.91358786074  6.543015E-17
6796.86929720029  7.007259E-17
6798.82500653983  7.303626E-17
6800.78071587938  6.150145E-17
6802.73642521893  6.392865E-17
6804.69213455848  7.364529E-17
6806.64784389802  6.884020E-17
6808.60355323757  6.834250E-17
6810.55926257712  6.743585E-17
6812.51497191666  6.885019E-17
6814.47068125621  6.463941E-17
6816.42639059576  6.463690E-17
6818.38209993531  6.312909E-17
6820.33780927486  7.272694E-17
6822.2935186144  7.314622E-17
6824.24922795395  7.744872E-17
6826.2049372935  8.169808E-17
6828.16064663304  6.729878E-17
6830.11635597259  6.832646E-17
6832.07206531214  7.814878E-17
6834.02777465169  6.582087E-17
6835.98348399124  6.984598E-17
6837.93919333078  7.846923E-17
6839.89490267033  7.047441E-17
6841.85061200988  6.636632E-17
6843.80632134942  6.804993E-17
6845.76203068897  7.194179E-17
6847.71774002852  7.870289E-17
6849.67344936807  8.021886E-17
6851.62915870762  8.031949E-17
6853.58486804716  6.703771E-17
6855.54057738671  6.461114E-17
6857.49628672626  5.890045E-17
6859.45199606581  6.419583E-17
6861.40770540535  7.903676E-17
6863.3634147449  7.472042E-17
6865.31912408445  7.152248E-17
6867.274833424  7.218431E-17
6869.23054276354  7.622907E-17
6871.18625210309  8.037589E-17
6873.14196144264  7.625331E-17
6875.09767078219  7.726052E-17
6877.05338012173  7.052373E-17
6879.00908946128  6.666564E-17
6880.96479880083  6.570577E-17
6882.92050814038  6.559755E-17
6884.87621747992  6.661387E-17
6886.83192681947  6.700789E-17
6888.78763615902  7.022063E-17
6890.74334549857  7.346131E-17
6892.69905483811  6.994830E-17
6894.65476417766  7.613742E-17
6896.61047351721  7.356633E-17
6898.56618285675  7.511409E-17
6900.5218921963  6.613521E-17
6902.47760153585  6.778992E-17
6904.4333108754  6.936754E-17
6906.38902021495  7.029450E-17
6908.34472955449  8.428814E-17
6910.30043889404  7.909164E-17
6912.25614823359  7.754558E-17
6914.21185757314  7.629141E-17
6916.16756691268  7.419334E-17
6918.12327625223  7.831921E-17
6920.07898559178  8.628510E-17
6922.03469493133  8.620426E-17
6923.99040427087  7.917531E-17
6925.94611361042  8.027404E-17
6927.90182294997  7.312999E-17
6929.85753228952  7.020231E-17
6931.81324162906  7.638706E-17
6933.76895096861  8.063594E-17
6935.72466030816  7.427400E-17
6937.68036964771  7.146725E-17
6939.63607898725  7.676018E-17
6941.5917883268  7.721527E-17
6943.54749766635  7.808859E-17
6945.5032070059  7.493669E-17
6947.45891634544  7.963428E-17
6949.41462568499  8.299516E-17
6951.37033502454  8.282391E-17
6953.32604436409  7.574811E-17
6955.28175370363  7.751985E-17
6957.23746304318  8.088034E-17
6959.19317238273  6.965628E-17
6961.14888172228  7.261383E-17
6963.10459106182  8.573016E-17
6965.06030040137  8.958614E-17
6967.01600974092  7.863693E-17
6968.97171908047  7.064977E-17
6970.92742842001  7.507341E-17
6972.88313775956  8.074649E-17
6974.83884709911  7.760876E-17
6976.79455643866  7.662151E-17
6978.7502657782  7.803387E-17
6980.70597511775  9.326608E-17
6982.6616844573  8.532158E-17
6984.61739379685  7.714799E-17
6986.57310313639  8.470054E-17
6988.52881247594  6.957084E-17
6990.48452181549  7.772960E-17
6992.44023115504  8.707700E-17
6994.39594049458  8.448681E-17
6996.35164983413  7.475999E-17
6998.30735917368  7.542904E-17
7000.26306851323  7.554412E-17
7002.21877785277  7.548457E-17
7004.17448719232  7.318155E-17
7006.13019653187  8.509642E-17
7008.08590587142  8.447218E-17
7010.04161521097  8.245152E-17
7011.99732455051  7.920732E-17
7013.95303389006  8.839328E-17
7015.90874322961  8.605603E-17
7017.86445256915  7.642459E-17
7019.8201619087  8.284415E-17
7021.77587124825  8.307216E-17
7023.7315805878  8.045763E-17
7025.68728992734  7.562499E-17
7027.64299926689  7.493719E-17
7029.59870860644  8.264964E-17
7031.55441794599  8.513352E-17
7033.51012728553  8.571261E-17
7035.46583662508  8.951563E-17
7037.42154596463  9.687978E-17
7039.37725530418  1.004874E-16
7041.33296464372  8.460678E-17
7043.28867398327  7.833617E-17
7045.24438332282  8.216696E-17
7047.20009266237  8.807485E-17
7049.15580200191  8.888330E-17
7051.11151134146  8.792886E-17
7053.06722068101  7.531835E-17
7055.02293002056  7.543397E-17
7056.97863936011  8.630194E-17
7058.93434869965  8.955796E-17
7060.8900580392  8.907882E-17
7062.84576737875  8.707120E-17
7064.80147671829  7.640295E-17
7066.75718605784  7.250473E-17
7068.71289539739  8.050894E-17
7070.66860473694  7.705839E-17
7072.62431407648  8.484503E-17
7074.58002341603  9.449763E-17
7076.53573275558  9.393851E-17
7078.49144209513  9.670457E-17
7080.44715143468  8.979790E-17
7082.40286077422  8.297288E-17
7084.35857011377  8.080910E-17
7086.31427945332  8.657668E-17
7088.26998879287  9.127278E-17
7090.22569813241  8.503683E-17
7092.18140747196  8.374040E-17
7094.13711681151  8.306930E-17
7096.09282615106  8.441605E-17
7098.0485354906  7.293266E-17
7100.00424483015  8.570375E-17
7101.9599541697  7.665556E-17
7103.91566350924  8.324516E-17
7105.87137284879  7.693981E-17
7107.82708218834  7.504940E-17
7109.78279152789  8.313571E-17
7111.73850086744  9.029657E-17
7113.69421020698  8.689052E-17
7115.64991954653  7.886353E-17
7117.60562888608  6.719315E-17
7119.56133822563  8.113355E-17
7121.51704756517  8.343666E-17
7123.47275690472  7.650132E-17
7125.42846624427  8.016939E-17
7127.38417558382  7.891486E-17
7129.33988492336  7.960620E-17
7131.29559426291  8.570126E-17
7133.25130360246  8.012607E-17
7135.207012942  7.349103E-17
7137.16272228155  7.314338E-17
7139.1184316211  8.378229E-17
7141.07414096065  7.679436E-17
7143.02985030019  7.875997E-17
7144.98555963974  7.495166E-17
7146.94126897929  8.080067E-17
7148.89697831884  7.872288E-17
7150.85268765839  8.595101E-17
7152.80839699793  8.904517E-17
7154.76410633748  8.669442E-17
7156.71981567703  8.392350E-17
7158.67552501658  8.854720E-17
7160.63123435612  9.321919E-17
7162.58694369567  9.579742E-17
7164.54265303522  9.250537E-17
7166.49836237477  8.409962E-17
7168.45407171431  7.755977E-17
7170.40978105386  6.849908E-17
7172.36549039341  7.279528E-17
7174.32119973296  7.938625E-17
7176.2769090725  9.447093E-17
7178.23261841205  9.348887E-17
7180.1883277516  6.435814E-17
7182.14403709115  7.627521E-17
7184.09974643069  9.094840E-17
7186.05545577024  8.709215E-17
7188.01116510979  9.092304E-17
7189.96687444934  7.862898E-17
7191.92258378888  8.432043E-17
7193.87829312843  7.725771E-17
7195.83400246798  7.215769E-17
7197.78971180753  7.129905E-17
7199.74542114707  7.582029E-17
7201.70113048662  6.962694E-17
7203.65683982617  6.875548E-17
7205.61254916571  7.423292E-17
7207.56825850526  7.519701E-17
7209.52396784481  7.530009E-17
7211.47967718436  6.455104E-17
7213.4353865239  7.577422E-17
7215.39109586346  8.633172E-17
7217.346805203  8.538031E-17
7219.30251454255  7.686064E-17
7221.2582238821  7.964440E-17
7223.21393322164  8.667930E-17
7225.16964256119  8.460851E-17
7227.12535190074  7.903743E-17
7229.08106124029  7.110411E-17
7231.03677057983  7.509201E-17
7232.99247991938  8.550352E-17
7234.94818925893  8.645295E-17
7236.90389859848  8.758370E-17
7238.85960793802  8.178310E-17
7240.81531727757  8.030647E-17
7242.77102661712  8.561189E-17
7244.72673595667  8.200624E-17
7246.68244529621  7.901229E-17
7248.63815463576  8.096024E-17
7250.59386397531  8.015963E-17
7252.54957331486  8.767912E-17
7254.50528265441  7.888759E-17
7256.46099199395  7.698933E-17
7258.4167013335  8.516849E-17
7260.37241067305  8.211575E-17
7262.32812001259  8.416440E-17
7264.28382935214  8.544358E-17
7266.23953869169  8.357840E-17
7268.19524803124  8.660500E-17
7270.15095737078  8.421328E-17
7272.10666671033  7.629794E-17
7274.06237604988  7.907006E-17
7276.01808538943  7.640890E-17
7277.97379472897  7.808517E-17
7279.92950406852  9.755327E-17
7281.88521340807  9.024893E-17
7283.84092274762  7.606137E-17
7285.79663208717  7.335038E-17
7287.75234142671  8.003580E-17
7289.70805076626  8.595453E-17
7291.66376010581  8.239103E-17
7293.61946944535  7.947455E-17
7295.5751787849  9.229002E-17
7297.53088812445  8.834053E-17
7299.486597464  8.623439E-17
7301.44230680354  9.047248E-17
7303.39801614309  8.436608E-17
7305.35372548264  8.189625E-17
7307.30943482219  8.721822E-17
7309.26514416173  8.904528E-17
7311.22085350128  7.763656E-17
7313.17656284083  7.915139E-17
7315.13227218038  8.928852E-17
7317.08798151992  9.101442E-17
7319.04369085947  9.144971E-17
7320.99940019902  8.350617E-17
7322.95510953857  8.282657E-17
7324.91081887812  8.215206E-17
7326.86652821766  8.858223E-17
7328.82223755721  8.132947E-17
7330.77794689676  8.576886E-17
7332.7336562363  8.177453E-17
7334.68936557585  8.351793E-17
7336.6450749154  8.692997E-17
7338.60078425495  8.947343E-17
7340.55649359449  8.886928E-17
7342.51220293404  7.787829E-17
7344.46791227359  7.519170E-17
7346.42362161314  8.449837E-17
7348.37933095268  7.832266E-17
7350.33504029223  8.623090E-17
7352.29074963178  9.034322E-17
7354.24645897133  8.376867E-17
7356.20216831088  8.086725E-17
7358.15787765042  8.851467E-17
7360.11358698997  8.442511E-17
7362.06929632952  8.457516E-17
7364.02500566906  1.030284E-16
7365.98071500861  1.005972E-16
7367.93642434816  8.557170E-17
7369.89213368771  8.763979E-17
7371.84784302725  9.077919E-17
7373.8035523668  8.915328E-17
7375.75926170635  8.759677E-17
7377.7149710459  8.845065E-17
7379.67068038544  9.145593E-17
7381.62638972499  8.339217E-17
7383.58209906454  8.053851E-17
7385.53780840409  7.973586E-17
7387.49351774363  8.021532E-17
7389.44922708318  8.585517E-17
7391.40493642273  9.173345E-17
7393.36064576228  9.565110E-17
7395.31635510182  9.312057E-17
7397.27206444137  8.649969E-17
7399.22777378092  8.875940E-17
7401.18348312047  8.585010E-17
7403.13919246001  8.866924E-17
7405.09490179956  8.586941E-17
7407.05061113911  9.137914E-17
7409.00632047866  9.172510E-17
7410.9620298182  8.875061E-17
7412.91773915775  9.161362E-17
7414.8734484973  8.716184E-17
7416.82915783685  8.985235E-17
7418.78486717639  8.551201E-17
7420.74057651594  7.885601E-17
7422.69628585549  9.146680E-17
7424.65199519504  7.382965E-17
7426.60770453459  8.571644E-17
7428.56341387413  8.759397E-17
7430.51912321368  9.306499E-17
7432.47483255323  9.143517E-17
7434.43054189278  9.096425E-17
7436.38625123232  9.168972E-17
7438.34196057187  8.305607E-17
7440.29766991142  8.186761E-17
7442.25337925096  8.116963E-17
7444.20908859051  8.626359E-17
7446.16479793006  8.549568E-17
7448.12050726961  8.588722E-17
7450.07621660915  8.122167E-17
7452.0319259487  8.566506E-17
7453.98763528825  8.645753E-17
7455.9433446278  8.049678E-17
7457.89905396734  8.407053E-17
7459.85476330689  9.668074E-17
7461.81047264644  1.011982E-16
7463.76618198599  9.410985E-17
7465.72189132553  9.040522E-17
7467.67760066508  8.138170E-17
7469.63331000463  8.254261E-17
7471.58901934418  9.104033E-17
7473.54472868372  8.826766E-17
7475.50043802327  7.908354E-17
7477.45614736282  7.637132E-17
7479.41185670237  8.642722E-17
7481.36756604191  7.697437E-17
7483.32327538146  7.566213E-17
7485.27898472101  8.810828E-17
7487.23469406056  8.894485E-17
7489.19040340011  9.020199E-17
7491.14611273965  8.044005E-17
7493.1018220792  7.844592E-17
7495.05753141875  9.414664E-17
7497.0132407583  8.577107E-17
7498.96895009784  8.892401E-17
7500.92465943739  9.515364E-17
7502.88036877694  9.244869E-17
7504.83607811649  8.947812E-17
7506.79178745603  9.035883E-17
7508.74749679558  8.939412E-17
7510.70320613513  8.468905E-17
7512.65891547467  8.006979E-17
7514.61462481422  7.773094E-17
7516.57033415377  8.906698E-17
7518.52604349332  9.068449E-17
7520.48175283286  8.347892E-17
7522.43746217241  7.903451E-17
7524.39317151196  7.377537E-17
7526.34888085151  7.546809E-17
7528.30459019105  8.877104E-17
7530.2602995306  9.341247E-17
7532.21600887015  9.451442E-17
7534.1717182097  9.181986E-17
7536.12742754924  6.801989E-17
7538.08313688879  7.092877E-17
7540.03884622834  6.964662E-17
7541.99455556789  6.137780E-17
7543.95026490743  8.111911E-17
7545.90597424698  8.255996E-17
7547.86168358653  8.936104E-17
7549.81739292608  1.062552E-16
7551.77310226563  8.681223E-17
7553.72881160517  7.484181E-17
7555.68452094472  8.004054E-17
7557.64023028427  7.493935E-17
7559.59593962382  5.747787E-17
7561.55164896336  7.963049E-17
7563.50735830291  7.622410E-17
7565.46306764246  9.347805E-17
7567.41877698201  9.736494E-17
7569.37448632155  9.315130E-17
7571.3301956611  8.020394E-17
7573.28590500065  8.473727E-17
7575.2416143402  8.999230E-17
7577.19732367974  1.036494E-16
7579.15303301929  8.990177E-17
7581.10874235884  8.433586E-17
7583.06445169839  8.528756E-17
7585.02016103793  8.737704E-17
7586.97587037748  8.040565E-17
7588.93157971703  6.996158E-17
7590.88728905657  6.945225E-17
7592.84299839612  7.939136E-17
7594.79870773567  8.132502E-17
7596.75441707522  6.722652E-17
7598.71012641476  7.329143E-17
7600.66583575431  7.883080E-17
7602.62154509386  7.472613E-17
7604.57725443341  7.608137E-17
7606.53296377295  8.581862E-17
7608.4886731125  9.373087E-17
7610.44438245205  9.586310E-17
7612.4000917916  8.370876E-17
7614.35580113115  7.838327E-17
7616.31151047069  8.573196E-17
7618.26721981024  8.405926E-17
7620.22292914979  7.945586E-17
7622.17863848934  7.658532E-17
7624.13434782888  7.456345E-17
7626.09005716843  7.463475E-17
7628.04576650798  8.187843E-17
7630.00147584753  8.802579E-17
7631.95718518707  8.918137E-17
7633.91289452662  9.302780E-17
7635.86860386617  9.372692E-17
7637.82431320572  8.389060E-17
7639.78002254526  8.359731E-17
7641.73573188481  7.541354E-17
7643.69144122436  6.928865E-17
7645.64715056391  6.461707E-17
7647.60285990345  5.162010E-17
7649.558569243  6.445782E-17
7651.51427858255  8.532935E-17
7653.4699879221  9.431922E-17
7655.42569726164  9.440725E-17
7657.38140660119  8.448334E-17
7659.33711594074  8.183506E-17
7661.29282528029  9.049695E-17
7663.24853461983  8.534695E-17
7665.20424395938  7.492501E-17
7667.15995329893  7.636509E-17
7669.11566263848  7.767059E-17
7671.07137197802  7.584974E-17
7673.02708131757  8.355828E-17
7674.98279065712  8.929566E-17
7676.93849999667  9.299811E-17
7678.89420933621  8.382601E-17
7680.84991867576  7.833433E-17
7682.80562801531  7.999243E-17
7684.76133735486  7.336397E-17
7686.7170466944  8.244528E-17
7688.67275603395  8.963118E-17
7690.6284653735  8.422098E-17
7692.58417471305  9.062340E-17
7694.53988405259  8.555848E-17
7696.49559339214  7.938413E-17
7698.45130273169  8.381574E-17
7700.40701207124  8.036217E-17
7702.36272141079  7.233275E-17
7704.31843075033  8.101676E-17
7706.27414008988  9.285318E-17
7708.22984942943  8.551189E-17
7710.18555876897  8.607122E-17
7712.14126810852  8.681469E-17
7714.09697744807  7.672546E-17
7716.05268678762  8.354263E-17
7718.00839612716  8.932204E-17
7719.96410546671  9.023122E-17
7721.91981480626  8.964946E-17
7723.87552414581  8.638268E-17
7725.83123348535  8.347333E-17
7727.7869428249  7.224135E-17
7729.74265216445  6.569541E-17
7731.698361504  7.889371E-17
7733.65407084354  8.433486E-17
7735.60978018309  7.435036E-17
7737.56548952264  7.593502E-17
7739.52119886219  7.863033E-17
7741.47690820173  7.537694E-17
7743.43261754128  8.186094E-17
7745.38832688083  7.970825E-17
7747.34403622038  7.365044E-17
7749.29974555992  7.214866E-17
7751.25545489947  7.849269E-17
7753.21116423902  8.907395E-17
7755.16687357857  8.855393E-17
7757.12258291811  8.489453E-17
7759.07829225766  7.670925E-17
7761.03400159721  7.731563E-17
7762.98971093676  7.768739E-17
7764.9454202763  8.155534E-17
7766.90112961585  7.922179E-17
7768.8568389554  7.970909E-17
7770.81254829495  8.831835E-17
7772.7682576345  8.776690E-17
7774.72396697404  8.378602E-17
7776.67967631359  7.714722E-17
7778.63538565314  8.230793E-17
7780.59109499268  8.518272E-17
7782.54680433223  7.875006E-17
7784.50251367178  8.497524E-17
7786.45822301133  8.814045E-17
7788.41393235087  8.188716E-17
7790.36964169042  7.662205E-17
7792.32535102997  7.346440E-17
7794.28106036952  8.739622E-17
7796.23676970906  8.602762E-17
7798.19247904861  7.716222E-17
7800.14818838816  7.888242E-17
7802.10389772771  8.103352E-17
7804.05960706725  6.736126E-17
7806.0153164068  7.030088E-17
7807.97102574635  7.258818E-17
7809.9267350859  7.407378E-17
7811.88244442544  8.716209E-17
7813.83815376499  9.417683E-17
7815.79386310454  8.945332E-17
7817.74957244409  8.655335E-17
7819.70528178363  9.481194E-17
7821.66099112318  9.370011E-17
7823.61670046273  9.106071E-17
7825.57240980228  9.058754E-17
7827.52811914182  8.508793E-17
7829.48382848137  8.697940E-17
7831.43953782092  9.207785E-17
7833.39524716047  8.071138E-17
7835.35095650001  8.994062E-17
7837.30666583956  9.079015E-17
7839.26237517911  8.577195E-17
7841.21808451866  8.347201E-17
7843.17379385821  8.544084E-17
7845.12950319775  1.044011E-16
7847.0852125373  1.070691E-16
7849.04092187685  8.536608E-17
7850.99663121639  8.315682E-17
7852.95234055594  9.070540E-17
7854.90804989549  8.629221E-17
7856.86375923504  6.574374E-17
7858.81946857458  8.027198E-17
7860.77517791413  1.062701E-16
7862.73088725368  9.598739E-17
7864.68659659323  7.178160E-17
7866.64230593277  7.961990E-17
7868.59801527232  9.139996E-17
7870.55372461187  8.856304E-17
7872.50943395142  8.748381E-17
7874.46514329097  9.349082E-17
7876.42085263051  9.016709E-17
7878.37656197006  8.024101E-17
7880.33227130961  7.518096E-17
7882.28798064916  7.337232E-17
7884.2436899887  8.419274E-17
7886.19939932825  8.642580E-17
7888.1551086678  8.384202E-17
7890.11081800735  8.859562E-17
7892.06652734689  8.128462E-17
7894.02223668644  7.389059E-17
7895.97794602599  8.445070E-17
7897.93365536553  9.638514E-17
7899.88936470508  9.791468E-17
7901.84507404463  8.468885E-17
7903.80078338418  9.204962E-17
7905.75649272372  8.723897E-17
7907.71220206327  8.174798E-17
7909.66791140282  9.103602E-17
7911.62362074237  8.897850E-17
7913.57933008192  9.911733E-17
7915.53503942146  1.098754E-16
7917.49074876101  9.538449E-17
7919.44645810056  8.328976E-17
7921.4021674401  7.975515E-17
7923.35787677965  7.814825E-17
7925.3135861192  6.783811E-17
7927.26929545875  8.193950E-17
7929.2250047983  8.838341E-17
7931.18071413784  8.490617E-17
7933.13642347739  7.740709E-17
7935.09213281694  8.660343E-17
7937.04784215649  9.261210E-17
7939.00355149603  8.924389E-17
7940.95926083558  8.587996E-17
7942.91497017513  8.420679E-17
7944.87067951468  8.489793E-17
7946.82638885422  7.419746E-17
7948.78209819377  7.787768E-17
7950.73780753332  8.860075E-17
7952.69351687287  9.313187E-17
7954.64922621241  9.508675E-17
7956.60493555196  9.464134E-17
7958.56064489151  8.916917E-17
7960.51635423106  7.658301E-17
7962.4720635706  7.301241E-17
7964.42777291015  8.505678E-17
7966.3834822497  8.194619E-17
7968.33919158925  8.405549E-17
7970.29490092879  9.161384E-17
7972.25061026834  8.743928E-17
7974.20631960789  7.942526E-17
7976.16202894744  8.268587E-17
7978.11773828698  9.598720E-17
7980.07344762653  9.099359E-17
7982.02915696608  7.524847E-17
7983.98486630563  7.808077E-17
7985.94057564517  8.516853E-17
7987.89628498472  8.845565E-17
7989.85199432427  8.106085E-17
7991.80770366382  6.866002E-17
7993.76341300336  7.321049E-17
7995.71912234291  7.944164E-17
7997.67483168246  7.647978E-17
7999.63054102201  8.089004E-17
8001.58625036155  8.266114E-17
8003.5419597011  7.904961E-17
8005.49766904065  8.187188E-17
8007.45337838019  9.751702E-17
8009.40908771974  9.546840E-17
8011.36479705929  7.805685E-17
8013.32050639884  8.654766E-17
8015.27621573839  8.665111E-17
8017.23192507793  7.772869E-17
8019.18763441748  8.506672E-17
8021.14334375703  7.940920E-17
8023.09905309658  7.215006E-17
8025.05476243612  7.439789E-17
8027.01047177567  7.694875E-17
8028.96618111522  7.856257E-17
8030.92189045477  7.949201E-17
8032.87759979431  8.112291E-17
8034.83330913386  8.288497E-17
8036.78901847341  7.845180E-17
8038.74472781296  6.728863E-17
8040.7004371525  6.018625E-17
8042.65614649205  6.848171E-17
8044.6118558316  7.283241E-17
8046.56756517115  7.706116E-17
8048.52327451069  8.536062E-17
8050.47898385024  7.629167E-17
8052.43469318979  6.842979E-17
8054.39040252934  8.307913E-17
8056.34611186888  8.631542E-17
8058.30182120843  8.170598E-17
8060.25753054798  8.460358E-17
8062.21323988753  7.838471E-17
8064.16894922707  7.245340E-17
8066.12465856662  7.973962E-17
8068.08036790617  9.342373E-17
8070.03607724572  9.142279E-17
8071.99178658526  8.108679E-17
8073.94749592481  7.224581E-17
8075.90320526436  6.961018E-17
8077.8589146039  7.392640E-17
8079.81462394345  7.759930E-17
8081.770333283  7.229660E-17
8083.72604262255  7.307564E-17
8085.6817519621  8.172711E-17
8087.63746130164  7.814320E-17
8089.59317064119  7.230758E-17
8091.54887998074  7.337164E-17
8093.50458932029  7.820505E-17
8095.46029865983  7.372102E-17
8097.41600799938  7.076758E-17
8099.37171733893  6.542000E-17
8101.32742667848  7.378782E-17
8103.28313601802  7.743791E-17
8105.23884535757  6.499359E-17
8107.19455469712  6.076442E-17
8109.15026403667  7.632990E-17
8111.10597337621  7.848073E-17
8113.06168271576  6.982228E-17
8115.01739205531  6.682776E-17
8116.97310139486  7.154034E-17
8118.9288107344  7.287152E-17
8120.88452007395  7.976912E-17
8122.8402294135  7.075306E-17
8124.79593875305  7.263253E-17
8126.75164809259  7.064537E-17
8128.70735743214  6.836150E-17
8130.66306677169  7.525313E-17
8132.61877611124  8.494139E-17
8134.57448545078  7.168134E-17
8136.53019479033  6.473825E-17
8138.48590412988  8.112168E-17
8140.44161346943  8.667208E-17
8142.39732280897  7.797425E-17
8144.35303214852  7.971475E-17
8146.30874148807  7.536257E-17
8148.26445082762  6.999550E-17
8150.22016016716  7.563368E-17
8152.17586950671  7.701275E-17
8154.13157884626  6.659789E-17
8156.08728818581  6.228964E-17
8158.04299752535  6.233098E-17
8159.9987068649  8.036359E-17
8161.95441620445  7.825678E-17
8163.910125544  7.032103E-17
8165.86583488354  7.117920E-17
8167.82154422309  7.700232E-17
8169.77725356264  7.636701E-17
8171.73296290219  7.421669E-17
8173.68867224173  7.313359E-17
8175.64438158128  6.899020E-17
8177.60009092083  7.854426E-17
8179.55580026038  8.729145E-17
8181.51150959993  8.454931E-17
8183.46721893947  7.965594E-17
8185.42292827902  6.529292E-17
8187.37863761857  6.598698E-17
8189.33434695811  7.099321E-17
8191.29005629766  7.840193E-17
8193.24576563721  7.572265E-17
8195.20147497676  7.165457E-17
8197.15718431631  6.394745E-17
8199.11289365585  7.081237E-17
8201.0686029954  7.699151E-17
8203.02431233495  7.125465E-17
8204.9800216745  6.918774E-17
8206.93573101404  6.884339E-17
8208.89144035359  7.149470E-17
8210.84714969314  8.210579E-17
8212.80285903268  8.802916E-17
8214.75856837223  7.538950E-17
8216.71427771178  6.923897E-17
8218.66998705132  6.898177E-17
8220.62569639087  8.035892E-17
8222.58140573042  7.732690E-17
8224.53711506997  6.777074E-17
8226.49282440952  6.911948E-17
8228.44853374906  7.123974E-17
8230.40424308861  7.240398E-17
8232.35995242816  7.152510E-17
8234.31566176771  7.117282E-17
8236.27137110725  6.492572E-17
8238.2270804468  7.412896E-17
8240.18278978635  9.065811E-17
8242.1384991259  8.895615E-17
8244.09420846544  7.214399E-17
8246.04991780499  6.951979E-17
8248.00562714454  6.555187E-17
8249.96133648409  6.599183E-17
8251.91704582364  7.541194E-17
8253.87275516318  7.386340E-17
8255.82846450273  7.396153E-17
8257.78417384228  7.199322E-17
8259.73988318183  7.718921E-17
8261.69559252137  7.692571E-17
8263.65130186092  6.227131E-17
8265.60701120047  6.411721E-17
8267.56272054002  6.084109E-17
8269.51842987956  5.373820E-17
8271.47413921911  5.760966E-17
8273.42984855866  5.983703E-17
8275.3855578982  7.402948E-17
8277.34126723775  6.989934E-17
8279.2969765773  5.779252E-17
8281.25268591685  6.397158E-17
8283.2083952564  7.592996E-17
8285.16410459594  9.103136E-17
8287.11981393549  7.323633E-17
8289.07552327504  7.143673E-17
8291.03123261458  7.409333E-17
8292.98694195413  7.505728E-17
8294.94265129368  6.787092E-17
8296.89836063323  7.124812E-17
8298.85406997277  7.028798E-17
8300.80977931232  6.209869E-17
8302.76548865187  6.448838E-17
8304.72119799142  7.121505E-17
8306.67690733096  8.059917E-17
8308.63261667051  6.951184E-17
8310.58832601006  6.657946E-17
8312.54403534961  6.046927E-17
8314.49974468915  6.099686E-17
8316.4554540287  7.169122E-17
8318.41116336825  6.833893E-17
8320.3668727078  6.768067E-17
8322.32258204735  7.164504E-17
8324.27829138689  7.266275E-17
8326.23400072644  8.841581E-17
8328.18971006599  8.660369E-17
8330.14541940554  7.171563E-17
8332.10112874508  6.759314E-17
8334.05683808463  5.907575E-17
8336.01254742418  6.119581E-17
8337.96825676373  7.369013E-17
8339.92396610327  7.180214E-17
8341.87967544282  6.195366E-17
8343.83538478237  6.823743E-17
8345.79109412192  7.192265E-17
8347.74680346146  6.529213E-17
8349.70251280101  7.862180E-17
8351.65822214056  7.189673E-17
8353.61393148011  7.790628E-17
8355.56964081965  8.406615E-17
8357.5253501592  7.614659E-17
8359.48105949875  8.436093E-17
8361.4367688383  8.525131E-17
8363.39247817784  6.615092E-17
8365.34818751739  6.469738E-17
8367.30389685694  7.276192E-17
8369.25960619648  7.441747E-17
8371.21531553603  7.168746E-17
8373.17102487558  7.000734E-17
8375.12673421513  7.445345E-17
8377.08244355468  7.362322E-17
8379.03815289422  7.025199E-17
8380.99386223377  6.932082E-17
8382.94957157332  7.372159E-17
8384.90528091287  8.052941E-17
8386.86099025241  7.947432E-17
8388.81669959196  6.805757E-17
8390.77240893151  6.484643E-17
8392.72811827106  7.342882E-17
8394.6838276106  6.794490E-17
8396.63953695015  6.754820E-17
8398.5952462897  6.576033E-17
8400.55095562925  7.136088E-17
8402.50666496879  8.188885E-17
8404.46237430834  7.652097E-17
8406.41808364789  6.497890E-17
8408.37379298744  7.079815E-17
8410.32950232698  7.402944E-17
8412.28521166653  7.396095E-17
8414.24092100608  7.797433E-17
8416.19663034562  7.430325E-17
8418.15233968517  7.161026E-17
8420.10804902472  7.626598E-17
8422.06375836427  8.015340E-17
8424.01946770382  7.755627E-17
8425.97517704336  8.020914E-17
8427.93088638291  7.496224E-17
8429.88659572246  5.368873E-17
8431.84230506201  6.157736E-17
8433.79801440155  6.842528E-17
8435.7537237411  7.018498E-17
8437.70943308065  7.330559E-17
8439.6651424202  6.556198E-17
8441.62085175974  6.742982E-17
8443.57656109929  6.967775E-17
8445.53227043884  7.522161E-17
8447.48797977839  6.810802E-17
8449.44368911793  6.118201E-17
8451.39939845748  7.185291E-17
8453.35510779703  8.398609E-17
8455.31081713657  6.330332E-17
8457.26652647612  6.608361E-17
8459.22223581567  8.600891E-17
8461.17794515522  7.449651E-17
8463.13365449477  5.144308E-17
8465.08936383431  5.424337E-17
8467.04507317386  7.036590E-17
8469.00078251341  5.712301E-17
8470.95649185296  5.014210E-17
8472.9122011925  6.769885E-17
8474.86791053205  7.143613E-17
8476.8236198716  7.715443E-17
8478.77932921115  6.205088E-17
8480.73503855069  5.752609E-17
8482.69074789024  5.485401E-17
8484.64645722979  6.377974E-17
8486.60216656934  6.988392E-17
8488.55787590889  7.367814E-17
8490.51358524843  7.402646E-17
8492.46929458798  8.150698E-17
8494.42500392753  7.046003E-17
8496.38071326707  6.085888E-17
8498.33642260662  5.825018E-17
8500.29213194617  5.718617E-17
8502.24784128572  6.440514E-17
8504.20355062526  6.065762E-17
8506.15925996481  6.002096E-17
8508.11496930436  5.562017E-17
8510.07067864391  6.483355E-17
8512.02638798345  5.885968E-17
8513.982097323  6.220548E-17
8515.93780666255  6.885209E-17
8517.8935160021  6.161986E-17
8519.84922534165  5.961609E-17
8521.80493468119  6.885528E-17
8523.76064402074  7.162521E-17
8525.71635336029  6.975500E-17
8527.67206269983  7.503972E-17
8529.62777203938  7.220370E-17
8531.58348137893  6.765832E-17
8533.53919071848  6.585889E-17
8535.49490005802  6.687751E-17
8537.45060939757  7.314744E-17
8539.40631873712  6.719534E-17
8541.36202807667  5.585547E-17
8543.31773741621  5.726328E-17
8545.27344675576  6.844227E-17
8547.22915609531  8.592844E-17
8549.18486543486  7.340701E-17
8551.1405747744  5.756512E-17
8553.09628411395  7.122000E-17
8555.0519934535  7.356080E-17
8557.00770279305  6.324342E-17
8558.9634121326  6.717399E-17
8560.91912147214  6.772703E-17
8562.87483081169  6.439606E-17
8564.83054015124  6.382514E-17
8566.78624949078  6.737510E-17
8568.74195883033  6.444716E-17
8570.69766816988  6.262550E-17
8572.65337750943  7.447859E-17
8574.60908684898  6.731941E-17
8576.56479618852  4.755834E-17
8578.52050552807  4.493024E-17
8580.47621486762  6.091107E-17
8582.43192420717  6.823762E-17
8584.38763354671  7.366101E-17
8586.34334288626  8.370294E-17
8588.29905222581  8.657640E-17
8590.25476156535  8.366797E-17
8592.2104709049  7.066093E-17
8594.16618024445  5.896435E-17
8596.12188958399  5.984937E-17
8598.07759892354  5.749426E-17
8600.03330826309  6.342237E-17
8601.98901760264  6.930660E-17
8603.94472694219  5.961311E-17
8605.90043628173  6.923462E-17
8607.85614562128  6.619506E-17
8609.81185496083  5.427376E-17
8611.76756430038  5.309499E-17
8613.72327363992  5.449174E-17
8615.67898297947  7.429680E-17
8617.63469231902  6.856776E-17
8619.59040165857  6.171765E-17
8621.54611099811  6.719958E-17
8623.50182033766  6.144644E-17
8625.45752967721  6.098170E-17
8627.41323901676  6.765218E-17
8629.36894835631  5.765881E-17
8631.32465769585  5.633256E-17
8633.2803670354  6.640161E-17
8635.23607637495  6.659551E-17
8637.1917857145  6.418382E-17
8639.14749505404  6.359160E-17
8641.10320439359  6.343818E-17
8643.05891373314  7.142980E-17
8645.01462307269  7.446384E-17
8646.97033241223  5.558954E-17
8648.92604175178  5.338570E-17
8650.88175109133  6.014545E-17
8652.83746043087  5.404547E-17
8654.79316977042  5.467077E-17
8656.74887910997  6.011219E-17
8658.70458844952  6.773375E-17
8660.66029778907  7.001193E-17
8662.61600712861  6.248073E-17
8664.57171646816  6.732784E-17
8666.52742580771  5.886575E-17
8668.48313514726  6.243293E-17
8670.4388444868  6.188687E-17
8672.39455382635  4.771003E-17
8674.3502631659  5.832693E-17
8676.30597250544  7.159500E-17
8678.26168184499  7.171702E-17
8680.21739118454  7.143449E-17
8682.17310052409  7.037874E-17
8684.12880986363  6.073900E-17
8686.08451920318  6.053586E-17
8688.04022854273  6.163707E-17
8689.99593788228  3.610206E-17
8691.95164722182  4.674089E-17
8693.90735656137  6.142969E-17
8695.86306590092  5.534453E-17
8697.81877524047  5.864572E-17
8699.77448458002  7.137646E-17
8701.73019391956  8.010249E-17
8703.68590325911  6.213283E-17
8705.64161259866  7.031635E-17
8707.59732193821  7.907494E-17
8709.55303127775  6.339139E-17
8711.5087406173  6.686741E-17
8713.46444995685  7.359867E-17
8715.4201592964  6.333457E-17
8717.37586863594  5.800366E-17
8719.33157797549  5.731808E-17
8721.28728731504  5.339413E-17
8723.24299665459  5.173274E-17
8725.19870599413  5.603542E-17
8727.15441533368  6.379054E-17
8729.11012467323  6.870757E-17
8731.06583401278  7.226494E-17
8733.02154335232  6.423360E-17
8734.97725269187  5.589557E-17
8736.93296203142  6.211599E-17
8738.88867137097  6.242731E-17
8740.84438071051  5.150452E-17
8742.80009005006  5.761216E-17
8744.75579938961  7.003034E-17
8746.71150872915  5.345531E-17
8748.6672180687  3.854737E-17
8750.62292740825  5.297728E-17
8752.5786367478  7.048757E-17
8754.53434608735  6.567479E-17
8756.49005542689  3.597025E-17
8758.44576476644  5.527318E-17
8760.40147410599  8.245551E-17
8762.35718344554  6.960892E-17
8764.31289278508  7.395088E-17
8766.26860212463  5.466937E-17
8768.22431146418  6.170738E-17
8770.18002080373  6.091899E-17
8772.13573014327  5.688534E-17
8774.09143948282  5.679971E-17
8776.04714882237  4.950909E-17
8778.00285816192  5.858094E-17
8779.95856750146  6.961849E-17
8781.91427684101  6.344606E-17
8783.86998618056  6.725074E-17
8785.8256955201  6.381571E-17
8787.78140485965  5.860066E-17
8789.7371141992  6.114906E-17
8791.69282353875  7.043561E-17
8793.64853287829  9.204599E-17
8795.60424221785  6.649933E-17
8797.55995155739  5.306714E-17
8799.51566089694  4.874552E-17
8801.47137023649  4.570430E-17
8803.42707957603  6.394952E-17
8805.38278891558  6.110697E-17
8807.33849825513  5.517737E-17
8809.29420759468  8.677069E-17
8811.24991693422  9.403447E-17
8813.20562627377  4.645520E-17
8815.16133561332  3.795144E-17
8817.11704495287  5.607733E-17
8819.07275429241  6.313713E-17
8821.02846363196  6.740297E-17
8822.98417297151  6.586038E-17
8824.93988231106  6.698227E-17
8826.8955916506  7.327731E-17
8828.85130099015  7.148840E-17
8830.8070103297  6.741071E-17
8832.76271966924  6.221982E-17
8834.71842900879  5.642704E-17
8836.67413834834  6.451116E-17
8838.62984768789  6.979262E-17
8840.58555702744  7.365015E-17
8842.54126636698  8.859255E-17
8844.49697570653  5.100768E-17
8846.45268504608  4.051189E-17
8848.40839438563  6.505499E-17
8850.36410372517  8.150192E-17
8852.31981306472  7.138960E-17
8854.27552240427  7.027175E-17
8856.23123174382  7.135167E-17
8858.18694108336  6.073059E-17
8860.14265042291  5.314901E-17
8862.09835976246  5.035338E-17
8864.05406910201  5.646629E-17
8866.00977844156  5.464207E-17
8867.9654877811  3.703230E-17
8869.92119712065  4.878624E-17
8871.8769064602  5.613983E-17
8873.83261579974  7.151687E-17
8875.78832513929  6.115141E-17
8877.74403447884  4.417072E-17
8879.69974381839  5.095063E-17
8881.65545315793  7.714800E-17
8883.61116249748  7.100990E-17
8885.56687183703  6.404911E-17
