4968.80392840168  -2.389260E-19
4970.75972515938  1.731550E-17
4972.71552191708  1.432781E-17
4974.67131867479  -2.574919E-19
4976.62711543249  -7.592493E-18
4978.58291219019  -2.232812E-20
4980.5387089479  7.229856E-18
4982.4945057056  4.645899E-18
4984.4503024633  3.740158E-18
4986.40609922101  4.390980E-18
4988.36189597871  3.776397E-18
4990.31769273642  7.576845E-18
4992.27348949412  -3.230641E-19
4994.22928625182  -1.375102E-17
4996.18508300953  1.861946E-18
4998.14087976723  1.495226E-17
5000.09667652494  -2.165476E-18
5002.05247328264  9.134951E-18
5004.00827004034  -3.571942E-18
5005.96406679805  5.320171E-18
5007.91986355575  4.472441E-18
5009.87566031345  -1.078748E-17
5011.83145707116  -7.385981E-18
5013.78725382886  -4.241569E-18
5015.74305058657  1.288349E-17
5017.69884734427  3.264816E-18
5019.65464410197  -6.066292E-18
5021.61044085968  -3.842970E-18
5023.56623761738  5.651120E-18
5025.52203437508  7.628313E-18
5027.47783113279  7.598264E-18
5029.43362789049  2.543592E-17
5031.3894246482  6.832033E-18
5033.3452214059  -2.258662E-18
5035.3010181636  -3.925604E-18
5037.25681492131  4.170737E-18
5039.21261167901  6.248210E-18
5041.16840843671  1.373881E-18
5043.12420519442  7.040065E-18
5045.08000195212  1.607310E-17
5047.03579870982  8.310531E-18
5048.99159546753  1.187908E-17
5050.94739222523  1.673296E-17
5052.90318898294  3.513541E-18
5054.85898574064  1.773028E-18
5056.81478249834  2.716421E-19
5058.77057925605  -5.578394E-18
5060.72637601375  -4.952756E-18
5062.68217277145  1.167640E-17
5064.63796952916  2.808864E-17
5066.59376628686  5.638828E-18
5068.54956304457  1.380571E-18
5070.50535980227  9.261253E-19
5072.46115655997  -9.978048E-18
5074.41695331768  -9.769705E-19
5076.37275007538  -4.950557E-18
5078.32854683308  -7.788940E-18
5080.28434359079  -6.551763E-18
5082.24014034849  4.687231E-19
5084.1959371062  -2.784604E-18
5086.1517338639  -1.518704E-18
5088.1075306216  1.845616E-17
5090.06332737931  1.120895E-17
5092.01912413701  4.222945E-19
5093.97492089472  6.540424E-18
5095.93071765242  9.054776E-18
5097.88651441012  7.566939E-18
5099.84231116783  -5.309559E-18
5101.79810792553  -1.067018E-17
5103.75390468323  1.262820E-17
5105.70970144094  4.719412E-18
5107.66549819864  6.451112E-18
5109.62129495635  2.177413E-17
5111.57709171405  2.336375E-17
5113.53288847175  2.642657E-18
5115.48868522946  9.529386E-18
5117.44448198716  1.387830E-17
5119.40027874486  1.122007E-17
5121.35607550257  4.902893E-18
5123.31187226027  4.224320E-18
5125.26766901797  9.214823E-18
5127.22346577568  -1.260501E-18
5129.17926253338  5.577837E-20
5131.13505929109  1.950040E-17
5133.09085604879  1.380592E-17
5135.04665280649  -3.729032E-18
5137.0024495642  4.499721E-18
5138.9582463219  6.804465E-18
5140.91404307961  1.413312E-17
5142.86983983731  6.093996E-18
5144.82563659501  4.047968E-18
5146.78143335272  3.176864E-18
5148.73723011042  1.660472E-18
5150.69302686812  1.178329E-17
5152.64882362583  1.187352E-17
5154.60462038353  1.293904E-18
5156.56041714123  1.743407E-17
5158.51621389894  1.887212E-17
5160.47201065664  4.101500E-18
5162.42780741435  8.394524E-18
5164.38360417205  1.761078E-18
5166.33940092975  8.520696E-18
5168.29519768746  6.464747E-18
5170.25099444516  3.582533E-18
5172.20679120287  -7.434973E-18
5174.16258796057  -7.810278E-18
5176.11838471827  -2.777336E-18
5178.07418147598  2.960397E-18
5180.02997823368  4.742127E-18
5181.98577499138  3.040132E-18
5183.94157174909  -1.664429E-18
5185.89736850679  6.599691E-18
5187.8531652645  1.109106E-17
5189.8089620222  -2.544044E-18
5191.7647587799  1.295959E-17
5193.72055553761  1.292400E-17
5195.67635229531  1.497622E-17
5197.63214905301  1.303327E-18
5199.58794581072  3.939060E-18
5201.54374256842  6.684766E-18
5203.49953932613  6.071379E-18
5205.45533608383  1.559417E-17
5207.41113284153  2.798430E-17
5209.36692959924  1.794617E-17
5211.32272635694  7.908934E-18
5213.27852311464  1.020692E-17
5215.23431987235  7.478337E-18
5217.19011663005  -4.665833E-18
5219.14591338776  2.205180E-18
5221.10171014546  4.426956E-18
5223.05750690316  6.934748E-18
5225.01330366087  2.393182E-18
5226.96910041857  1.853330E-17
5228.92489717627  1.101845E-17
5230.88069393398  2.069138E-17
5232.83649069168  4.081276E-17
5234.79228744939  6.386474E-18
5236.74808420709  6.941608E-18
5238.70388096479  1.216329E-17
5240.6596777225  -1.445336E-18
5242.6154744802  -2.464803E-18
5244.5712712379  2.487637E-18
5246.52706799561  2.270260E-18
5248.48286475331  1.557229E-17
5250.43866151102  1.948082E-17
5252.39445826872  1.642095E-17
5254.35025502642  3.059644E-18
5256.30605178413  2.690496E-18
5258.26184854183  1.209157E-17
5260.21764529953  8.644467E-18
5262.17344205724  4.900802E-18
5264.12923881494  -3.123236E-18
5266.08503557265  1.609810E-18
5268.04083233035  1.228830E-17
5269.99662908805  1.597295E-17
5271.95242584576  3.694015E-18
5273.90822260346  4.284440E-19
5275.86401936116  1.080764E-17
5277.81981611887  1.882408E-17
5279.77561287657  1.070074E-17
5281.73140963428  5.078128E-18
5283.68720639198  7.410963E-18
5285.64300314968  -3.623744E-18
5287.59879990739  -1.379958E-18
5289.55459666509  1.015853E-18
5291.51039342279  -2.668809E-18
5293.4661901805  8.991352E-18
5295.4219869382  1.375202E-17
5297.37778369591  4.217123E-18
5299.33358045361  1.098190E-17
5301.28937721131  2.288598E-17
5303.24517396902  1.233362E-17
5305.20097072672  5.933415E-19
5307.15676748442  1.561709E-18
5309.11256424213  -8.075957E-18
5311.06836099983  -8.993687E-18
5313.02415775753  7.825522E-18
5314.97995451524  -8.299333E-19
5316.93575127294  7.756850E-18
5318.89154803065  5.890624E-18
5320.84734478835  1.228179E-17
5322.80314154605  4.947440E-18
5324.75893830376  -6.459013E-18
5326.71473506146  2.351428E-18
5328.67053181917  7.166710E-18
5330.62632857687  2.145834E-17
5332.58212533457  2.382821E-17
5334.53792209228  6.377529E-18
5336.49371884998  1.859262E-17
5338.44951560768  9.765189E-18
5340.40531236539  1.116191E-17
5342.36110912309  3.305369E-18
5344.3169058808  -4.843376E-18
5346.2727026385  -3.708969E-18
5348.2284993962  8.005056E-19
5350.18429615391  -2.453454E-18
5352.14009291161  -4.584116E-18
5354.09588966931  6.889417E-19
5356.05168642702  1.070722E-17
5358.00748318472  2.009514E-17
5359.96327994243  6.834132E-18
5361.91907670013  5.605034E-18
5363.87487345783  1.080916E-17
5365.83067021554  1.105181E-17
5367.78646697324  3.039483E-18
5369.74226373095  1.558812E-17
5371.69806048865  2.113514E-17
5373.65385724635  6.624593E-18
5375.60965400406  4.553998E-18
5377.56545076176  1.622571E-18
5379.52124751946  -7.989134E-18
5381.47704427717  1.559265E-18
5383.43284103487  5.101231E-18
5385.38863779257  -2.442947E-18
5387.34443455028  6.787721E-20
5389.30023130798  5.788385E-18
5391.25602806569  3.980087E-18
5393.21182482339  6.823680E-18
5395.16762158109  7.815855E-18
5397.1234183388  1.508110E-17
5399.0792150965  1.728119E-17
5401.0350118542  7.467358E-18
5402.99080861191  7.265649E-18
5404.94660536961  1.861568E-17
5406.90240212732  9.438879E-18
5408.85819888502  1.169863E-17
5410.81399564272  1.550066E-17
5412.76979240043  5.036789E-18
5414.72558915813  1.233783E-18
5416.68138591583  2.714363E-18
5418.63718267354  1.090166E-17
5420.59297943124  -7.435596E-19
5422.54877618895  1.998666E-17
5424.50457294665  1.566336E-17
5426.46036970435  1.130707E-17
5428.41616646206  1.249964E-17
5430.37196321976  4.438990E-18
5432.32775997747  -1.824418E-18
5434.28355673517  1.562228E-17
5436.23935349287  1.739275E-17
5438.19515025058  9.008517E-19
5440.15094700828  1.133196E-17
5442.10674376598  4.410140E-18
5444.06254052369  6.437656E-18
5446.01833728139  5.556570E-18
5447.9741340391  6.486698E-19
5449.9299307968  7.433739E-18
5451.8857275545  1.299531E-17
5453.84152431221  3.619536E-18
5455.79732106991  4.959850E-18
5457.75311782761  6.664894E-18
5459.70891458532  3.414565E-18
5461.66471134302  5.204685E-18
5463.62050810073  6.039488E-18
5465.57630485843  1.177856E-17
5467.53210161613  1.127917E-17
5469.48789837384  -5.758984E-19
5471.44369513154  1.108369E-17
5473.39949188924  1.162413E-17
5475.35528864695  3.850972E-18
5477.31108540465  1.069190E-17
5479.26688216236  1.035701E-17
5481.22267892006  3.966543E-18
5483.17847567776  -1.363866E-18
5485.13427243547  1.433362E-17
5487.09006919317  2.215900E-17
5489.04586595087  2.476548E-18
5491.00166270858  1.391267E-17
5492.95745946628  4.050598E-18
5494.91325622398  1.388023E-17
5496.86905298169  7.383364E-19
5498.82484973939  3.812685E-18
5500.7806464971  1.649091E-17
5502.7364432548  6.964585E-18
5504.6922400125  5.496632E-18
5506.64803677021  5.367612E-18
5508.60383352791  3.889224E-18
5510.55963028561  9.989765E-18
5512.51542704332  6.536253E-19
5514.47122380102  3.980296E-18
5516.42702055873  1.433096E-17
5518.38281731643  1.368706E-17
5520.33861407413  1.142268E-17
5522.29441083184  2.271415E-17
5524.25020758954  1.860619E-17
5526.20600434725  2.616199E-17
5528.16180110495  1.519205E-17
5530.11759786265  1.867600E-17
5532.07339462036  2.101101E-17
5534.02919137806  1.042240E-17
5535.98498813576  1.481779E-17
5537.94078489347  9.120290E-18
5539.89658165117  6.233121E-18
5541.85237840887  1.574578E-17
5543.80817516658  1.066600E-17
5545.76397192428  6.416077E-18
5547.71976868198  1.006318E-17
5549.67556543969  8.921207E-18
5551.63136219739  1.667646E-17
5553.5871589551  1.955893E-17
5555.5429557128  1.321730E-17
5557.4987524705  7.322587E-18
5559.45454922821  1.787298E-18
5561.41034598591  1.902118E-17
5563.36614274362  1.033754E-17
5565.32193950132  -6.255420E-18
5567.27773625902  1.021777E-17
5569.23353301673  1.185278E-17
5571.18932977443  8.529692E-18
5573.14512653213  1.150852E-17
5575.10092328984  1.729061E-17
5577.05672004754  1.630229E-17
5579.01251680525  3.694850E-18
5580.96831356295  9.137239E-18
5582.92411032065  2.597324E-17
5584.87990707836  8.827555E-18
5586.83570383606  -1.967881E-18
5588.79150059376  2.195450E-17
5590.74729735147  1.984652E-17
5592.70309410917  1.375923E-17
5594.65889086688  1.158164E-17
5596.61468762458  1.611654E-17
5598.57048438228  7.897202E-18
5600.52628113999  5.818890E-18
5602.48207789769  1.205906E-17
5604.4378746554  9.669850E-18
5606.3936714131  8.315734E-18
5608.3494681708  1.363204E-17
5610.30526492851  3.403030E-18
5612.26106168621  1.525548E-18
5614.21685844391  3.402489E-18
5616.17265520162  1.509286E-17
5618.12845195932  1.578722E-17
5620.08424871703  1.742793E-17
5622.04004547473  1.761943E-17
5623.99584223243  1.305238E-17
5625.95163899014  7.524190E-18
5627.90743574784  1.262291E-17
5629.86323250554  9.282452E-18
5631.81902926325  6.199047E-18
5633.77482602095  7.736505E-18
5635.73062277865  5.140283E-18
5637.68641953636  1.158835E-17
5639.64221629406  1.081322E-17
5641.59801305177  2.024354E-17
5643.55380980947  3.185249E-17
5645.50960656717  7.073892E-18
5647.46540332488  -8.617773E-18
5649.42120008258  -1.870413E-18
5651.37699684029  5.574438E-18
5653.33279359799  4.494161E-18
5655.28859035569  -4.430776E-19
5657.2443871134  1.230102E-17
5659.2001838711  2.442843E-17
5661.1559806288  1.066784E-17
5663.11177738651  -3.134502E-18
5665.06757414421  2.362014E-18
5667.02337090191  1.070252E-17
5668.97916765962  9.266402E-18
5670.93496441732  1.758294E-17
5672.89076117503  1.848494E-17
5674.84655793273  1.140250E-17
5676.80235469043  1.549785E-17
5678.75815144814  1.577319E-17
5680.71394820584  5.778714E-18
5682.66974496355  3.894041E-18
5684.62554172125  1.404760E-17
5686.58133847895  1.744291E-17
5688.53713523666  1.524402E-17
5690.49293199436  3.025472E-18
5692.44872875206  1.556951E-17
5694.40452550977  1.596959E-17
5696.36032226747  2.234882E-17
5698.31611902518  1.475127E-17
5700.27191578288  9.944232E-18
5702.22771254058  2.320231E-18
5704.18350929829  1.042723E-17
5706.13930605599  1.417456E-17
5708.09510281369  1.090765E-17
5710.0508995714  1.295378E-17
5712.0066963291  8.394877E-18
5713.96249308681  1.650349E-17
5715.91828984451  3.924748E-18
5717.87408660221  1.151161E-17
5719.82988335992  1.482411E-17
5721.78568011762  1.888648E-17
5723.74147687532  1.327400E-17
5725.69727363303  2.198799E-17
5727.65307039073  1.302439E-17
5729.60886714843  1.053361E-17
5731.56466390614  1.404612E-18
5733.52046066384  1.005072E-17
5735.47625742155  1.191836E-17
5737.43205417925  -1.426506E-18
5739.38785093695  5.130932E-18
5741.34364769466  1.331830E-17
5743.29944445236  2.468892E-18
5745.25524121006  6.817508E-18
5747.21103796777  1.343947E-17
5749.16683472547  5.850092E-18
5751.12263148318  -5.785654E-18
5753.07842824088  6.613467E-18
5755.03422499858  1.696694E-18
5756.99002175629  5.322005E-18
5758.94581851399  9.218727E-18
5760.90161527169  5.021991E-18
5762.8574120294  6.302181E-18
5764.8132087871  -6.881498E-18
5766.76900554481  3.245588E-18
5768.72480230251  7.332684E-18
5770.68059906021  1.389323E-17
5772.63639581792  1.467194E-17
5774.59219257562  2.880038E-18
5776.54798933333  8.999669E-18
5778.50378609103  1.947215E-17
5780.45958284873  1.043951E-17
5782.41537960644  6.353790E-18
5784.37117636414  4.244241E-18
5786.32697312184  7.342769E-18
5788.28276987955  1.381254E-17
5790.23856663725  2.128448E-17
5792.19436339496  1.611188E-17
5794.15016015266  1.499018E-17
5796.10595691036  1.492167E-17
5798.06175366807  1.164697E-17
5800.01755042577  4.775906E-18
5801.97334718347  8.563035E-18
5803.92914394118  2.905211E-18
5805.88494069888  6.519613E-18
5807.84073745659  1.056564E-17
5809.79653421429  1.144522E-19
5811.75233097199  6.177111E-18
5813.7081277297  1.157389E-17
5815.6639244874  1.567212E-17
5817.6197212451  3.885898E-18
5819.57551800281  1.711266E-17
5821.53131476051  1.247601E-17
5823.48711151821  5.399086E-18
5825.44290827592  -1.739189E-18
5827.39870503362  4.571699E-19
5829.35450179133  9.303850E-18
5831.31029854903  1.199430E-17
5833.26609530673  9.953804E-18
5835.22189206444  2.622927E-18
5837.17768882214  2.138713E-17
5839.13348557985  1.283629E-17
5841.08928233755  2.388927E-17
5843.04507909525  1.632321E-17
5845.00087585296  1.066857E-17
5846.95667261066  -1.308156E-18
5848.91246936836  6.844400E-18
5850.86826612607  1.230680E-17
5852.82406288377  -2.054699E-19
5854.77985964148  1.027289E-17
5856.73565639918  6.764351E-18
5858.69145315688  7.317408E-18
5860.64724991459  1.322973E-17
5862.60304667229  1.744932E-17
5864.55884342999  9.665257E-18
5866.5146401877  1.321936E-17
5868.4704369454  1.017562E-17
5870.42623370311  6.997062E-18
5872.38203046081  9.887386E-18
5874.33782721851  1.642299E-17
5876.29362397622  2.747687E-17
5878.24942073392  2.343857E-17
5880.20521749162  1.380559E-17
5882.16101424933  3.881634E-18
5884.11681100703  1.277870E-17
5886.07260776474  1.640902E-17
5888.02840452244  9.172599E-18
5889.98420128014  6.539721E-18
5891.93999803785  2.075067E-17
5893.89579479555  1.056228E-17
5895.85159155325  2.715287E-18
5897.80738831096  3.214039E-18
5899.76318506866  1.561313E-17
5901.71898182637  1.760698E-17
5903.67477858407  1.805835E-17
5905.63057534177  2.313607E-17
5907.58637209948  1.061674E-17
5909.54216885718  3.514773E-18
5911.49796561488  1.412560E-17
5913.45376237259  1.249417E-17
5915.40955913029  1.447975E-17
5917.365355888  5.321903E-18
5919.3211526457  4.963593E-18
5921.2769494034  1.088884E-17
5923.23274616111  3.382679E-18
5925.18854291881  1.883853E-17
5927.14433967651  2.148257E-17
5929.10013643422  1.994498E-17
5931.05593319192  1.389184E-17
5933.01172994963  1.655115E-17
5934.96752670733  2.839607E-17
5936.92332346503  4.159096E-17
5938.87912022274  1.014783E-17
5940.83491698044  1.165628E-17
5942.79071373814  -1.963051E-18
5944.74651049585  2.563477E-17
5946.70230725355  1.667955E-17
5948.65810401126  7.049581E-18
5950.61390076896  6.253398E-18
5952.56969752666  6.680494E-18
5954.52549428437  1.817697E-17
5956.48129104207  1.248835E-17
5958.43708779977  1.831244E-17
5960.39288455748  1.757445E-17
5962.34868131518  1.463775E-17
5964.30447807288  1.317470E-17
5966.26027483059  8.260191E-18
5968.21607158829  1.735730E-17
5970.171868346  1.180028E-17
5972.1276651037  1.306929E-17
5974.0834618614  1.223214E-17
5976.03925861911  7.435105E-18
5977.99505537681  1.904627E-17
5979.95085213451  1.016388E-17
5981.90664889222  2.666423E-18
5983.86244564992  6.570625E-18
5985.81824240763  -9.731789E-19
5987.77403916533  3.895240E-19
5989.72983592303  1.231742E-17
5991.68563268074  4.756071E-18
5993.64142943844  6.663501E-18
5995.59722619614  1.146886E-17
5997.55302295385  -3.946551E-19
5999.50881971155  1.970321E-17
6001.46461646926  1.259643E-17
6003.42041322696  1.571460E-17
6005.37620998466  1.377744E-17
6007.33200674237  8.168472E-18
6009.28780350007  1.297254E-17
6011.24360025778  1.449503E-17
6013.19939701548  3.209955E-18
6015.15519377318  4.931604E-19
6017.11099053089  5.642375E-18
6019.06678728859  8.328497E-18
6021.02258404629  1.234022E-17
6022.978380804  1.047745E-17
6024.9341775617  3.666080E-18
6026.88997431941  8.943583E-18
6028.84577107711  1.606749E-17
6030.80156783481  6.209022E-18
6032.75736459252  2.356599E-18
6034.71316135022  -2.074075E-18
6036.66895810792  9.543141E-18
6038.62475486563  1.136868E-17
6040.58055162333  1.235784E-17
6042.53634838104  1.988774E-17
6044.49214513874  2.261233E-17
6046.44794189644  1.804177E-17
6048.40373865415  1.452812E-17
6050.35953541185  9.032963E-18
6052.31533216955  1.443198E-17
6054.27112892726  8.276201E-18
6056.22692568496  6.092415E-18
6058.18272244266  1.110374E-17
6060.13851920037  6.209689E-18
6062.09431595807  1.528609E-17
6064.05011271578  2.322697E-17
6066.00590947348  4.678523E-18
6067.96170623118  1.227484E-17
6069.91750298889  1.620326E-17
6071.87329974659  2.097163E-17
6073.8290965043  1.967818E-17
6075.784893262  2.330559E-18
6077.7406900197  1.031087E-17
6079.69648677741  7.485319E-18
6081.65228353511  2.119360E-17
6083.60808029281  1.271921E-17
6085.56387705052  4.607593E-18
6087.51967380822  6.293729E-18
6089.47547056593  1.429699E-17
6091.43126732363  1.773152E-17
6093.38706408133  1.984521E-17
6095.34286083904  1.758846E-17
6097.29865759674  1.301450E-17
6099.25445435444  1.035720E-17
6101.21025111215  5.132880E-18
6103.16604786985  1.314302E-17
6105.12184462756  2.063312E-17
6107.07764138526  1.459936E-17
6109.03343814296  2.789979E-18
6110.98923490067  1.177985E-17
6112.94503165837  2.269898E-17
6114.90082841607  1.416163E-17
6116.85662517378  2.379699E-18
6118.81242193148  5.614622E-18
6120.76821868919  1.381636E-17
6122.72401544689  6.365006E-18
6124.67981220459  1.403187E-17
6126.6356089623  1.398609E-17
6128.59140572  3.077695E-18
6130.5472024777  3.547635E-18
6132.50299923541  8.518501E-18
6134.45879599311  7.464242E-18
6136.41459275082  1.290724E-17
6138.37038950852  6.552904E-18
6140.32618626622  -3.684951E-18
6142.28198302393  7.647886E-18
6144.23777978163  2.191926E-17
6146.19357653933  1.474577E-17
6148.14937329704  1.447204E-17
6150.10517005474  2.835137E-17
6152.06096681245  2.001081E-17
6154.01676357015  6.315234E-18
6155.97256032785  1.266094E-17
6157.92835708556  9.267200E-18
6159.88415384326  1.365375E-17
6161.83995060096  1.692651E-17
6163.79574735867  9.011904E-18
6165.75154411637  2.010579E-17
6167.70734087408  8.488857E-18
6169.66313763178  1.101824E-17
6171.61893438948  -2.788101E-18
6173.57473114719  7.360137E-18
6175.53052790489  2.242964E-17
6177.48632466259  1.727887E-17
6179.4421214203  1.593997E-17
6181.397918178  2.272197E-17
6183.35371493571  2.958174E-17
6185.30951169341  1.488610E-17
6187.26530845111  1.854376E-17
6189.22110520882  2.003310E-17
6191.17690196652  1.512539E-17
6193.13269872422  1.368796E-17
6195.08849548193  1.213128E-17
6197.04429223963  1.844436E-17
6199.00008899734  3.400030E-18
6200.95588575504  8.163289E-18
6202.91168251274  1.049287E-17
6204.86747927045  1.148995E-17
6206.82327602815  1.445253E-17
6208.77907278585  1.147568E-17
6210.73486954356  1.898975E-17
6212.69066630126  1.119184E-17
6214.64646305897  1.125316E-17
6216.60225981667  6.223254E-18
6218.55805657437  1.103725E-17
6220.51385333208  5.942355E-18
6222.46965008978  4.442693E-18
6224.42544684749  1.402606E-18
6226.38124360519  9.694423E-18
6228.33704036289  1.533519E-17
6230.2928371206  1.683434E-17
6232.2486338783  7.478258E-18
6234.204430636  5.961090E-18
6236.16022739371  1.231067E-17
6238.11602415141  3.425752E-17
6240.07182090911  4.887607E-17
6242.02761766682  1.521884E-17
6243.98341442452  4.689661E-17
6245.93921118223  1.597635E-17
6247.89500793993  2.645372E-17
6249.85080469763  1.317009E-17
6251.80660145534  1.525029E-17
6253.76239821304  8.772019E-18
6255.71819497074  1.545892E-17
6257.67399172845  1.865363E-17
6259.62978848615  2.696641E-17
6261.58558524386  1.594224E-17
6263.54138200156  1.376008E-17
6265.49717875926  1.444402E-17
6267.45297551697  1.474746E-17
6269.40877227467  1.346727E-17
6271.36456903237  1.440891E-17
6273.32036579008  2.063240E-17
6275.27616254778  1.145653E-18
6277.23195930549  -2.237685E-18
6279.18775606319  1.739469E-17
6281.14355282089  2.022821E-17
6283.0993495786  1.974693E-17
6285.0551463363  5.010004E-18
6287.01094309401  1.029487E-17
6288.96673985171  1.423496E-17
6290.92253660941  1.632358E-17
6292.87833336712  1.684735E-17
6294.83413012482  1.243498E-17
6296.78992688252  1.177172E-17
6298.74572364023  8.964353E-18
6300.70152039793  1.248680E-17
6302.65731715563  1.789371E-17
6304.61311391334  -2.995153E-18
6306.56891067104  1.710897E-17
6308.52470742875  1.973956E-17
6310.48050418645  1.344543E-17
6312.43630094415  -7.829815E-19
6314.39209770186  5.606270E-18
6316.34789445956  8.767076E-18
6318.30369121727  8.630916E-18
6320.25948797497  4.860765E-19
6322.21528473267  1.199530E-17
6324.17108149038  1.501364E-17
6326.12687824808  9.166209E-18
6328.08267500578  1.049531E-17
6330.03847176349  1.822075E-18
6331.99426852119  7.766168E-18
6333.95006527889  1.857545E-17
6335.9058620366  8.571138E-18
6337.8616587943  4.463936E-18
6339.81745555201  3.879160E-18
6341.77325230971  1.413566E-17
6343.72904906741  1.206386E-17
6345.68484582512  1.013740E-17
6347.64064258282  1.992360E-17
6349.59643934053  1.413862E-17
6351.55223609823  4.424434E-18
6353.50803285593  1.079500E-17
6355.46382961364  2.998705E-18
6357.41962637134  1.402553E-17
6359.37542312904  2.085999E-17
6361.33121988675  1.291888E-17
6363.28701664445  1.623825E-17
6365.24281340215  1.396150E-17
6367.19861015986  4.540553E-18
6369.15440691756  1.181600E-17
6371.11020367527  1.544327E-17
6373.06600043297  1.007053E-17
6375.02179719067  3.900264E-18
6376.97759394838  2.903634E-17
6378.93339070608  9.995186E-18
6380.88918746379  1.768177E-18
6382.84498422149  1.214968E-17
6384.80078097919  4.304073E-18
6386.7565777369  3.901605E-18
6388.7123744946  1.439228E-17
6390.6681712523  1.732300E-17
6392.62396801001  1.040610E-17
6394.57976476771  5.413733E-18
6396.53556152541  7.751415E-18
6398.49135828312  1.547709E-17
6400.44715504082  1.294692E-17
6402.40295179853  4.829514E-18
6404.35874855623  1.149817E-17
6406.31454531393  3.287487E-18
6408.27034207164  2.279165E-18
6410.22613882934  1.672249E-17
6412.18193558704  5.443471E-18
6414.13773234475  1.995039E-17
6416.09352910245  1.916537E-17
6418.04932586016  1.108637E-17
6420.00512261786  1.349104E-17
6421.96091937556  1.177113E-17
6423.91671613327  1.344073E-17
6425.87251289097  1.444635E-17
6427.82830964867  1.646748E-17
6429.78410640638  6.456022E-18
6431.73990316408  8.370338E-18
6433.69569992179  1.554395E-17
6435.65149667949  2.116454E-17
6437.60729343719  1.127362E-17
6439.5630901949  1.353181E-17
6441.5188869526  1.361121E-17
6443.4746837103  2.124156E-17
6445.43048046801  1.662446E-17
6447.38627722571  1.496147E-17
6449.34207398342  1.804943E-17
6451.29787074112  2.046857E-17
6453.25366749882  1.173841E-17
6455.20946425653  1.442511E-17
6457.16526101423  1.615381E-17
6459.12105777193  8.221277E-18
6461.07685452964  1.236742E-17
6463.03265128734  1.628567E-17
6464.98844804505  1.747764E-17
6466.94424480275  2.133271E-17
6468.90004156045  2.623980E-17
6470.85583831816  2.214777E-18
6472.81163507586  2.133299E-17
6474.76743183356  2.687638E-17
6476.72322859127  2.068566E-17
6478.67902534897  1.379264E-17
6480.63482210668  1.080885E-17
6482.59061886438  1.208095E-17
6484.54641562208  1.496944E-17
6486.50221237979  1.535815E-17
6488.45800913749  1.632909E-17
6490.41380589519  1.514565E-17
6492.3696026529  7.267058E-18
6494.3253994106  1.111700E-17
6496.28119616831  1.935337E-17
6498.23699292601  2.701922E-17
6500.19278968371  1.913861E-17
6502.14858644142  1.287889E-17
6504.10438319912  1.172892E-17
6506.06017995682  2.880949E-17
6508.01597671453  2.523929E-17
6509.97177347223  1.101115E-17
6511.92757022993  1.080319E-17
6513.88336698764  9.018371E-18
6515.83916374534  -5.717774E-19
6517.79496050305  1.651143E-17
6519.75075726075  1.487811E-17
6521.70655401845  1.787096E-17
6523.66235077616  1.356850E-17
6525.61814753386  1.293461E-17
6527.57394429157  1.246780E-17
6529.52974104927  2.830112E-18
6531.48553780697  7.551777E-18
6533.44133456468  1.941595E-17
6535.39713132238  1.220372E-17
6537.35292808009  1.414833E-17
6539.30872483779  1.076229E-17
6541.26452159549  7.504982E-18
6543.2203183532  6.195500E-18
6545.1761151109  1.596140E-17
6547.1319118686  1.635503E-17
6549.08770862631  2.430688E-17
6551.04350538401  1.362149E-17
6552.99930214171  8.885381E-18
6554.95509889942  2.267107E-17
6556.91089565712  3.449443E-18
6558.86669241483  5.371362E-18
6560.82248917253  4.517948E-18
6562.77828593023  1.346414E-17
6564.73408268794  7.001958E-18
6566.68987944564  7.602000E-18
6568.64567620334  3.916881E-18
6570.60147296105  5.256141E-18
6572.55726971875  6.677780E-18
6574.51306647646  1.860617E-17
6576.46886323416  2.212135E-17
6578.42465999186  1.429616E-17
6580.38045674957  2.170548E-17
6582.33625350727  2.858154E-17
6584.29205026498  1.910568E-17
6586.24784702268  1.651909E-17
6588.20364378038  2.049167E-17
6590.15944053809  1.276912E-17
6592.11523729579  -6.439163E-20
6594.07103405349  6.571070E-18
6596.0268308112  5.700403E-18
6597.9826275689  1.732576E-17
6599.93842432661  1.396703E-17
6601.89422108431  6.930342E-18
6603.85001784201  8.788715E-18
6605.80581459972  1.513086E-17
6607.76161135742  1.648300E-17
6609.71740811512  1.696553E-17
6611.67320487283  2.608555E-18
6613.62900163053  -1.324302E-18
6615.58479838824  5.879348E-18
6617.54059514594  1.135914E-17
6619.49639190364  7.228138E-18
6621.45218866135  2.335949E-17
6623.40798541905  1.070362E-17
6625.36378217675  1.281926E-17
6627.31957893446  4.772376E-18
6629.27537569216  2.358870E-17
6631.23117244986  9.339290E-18
6633.18696920757  8.466392E-18
6635.14276596527  9.130980E-18
6637.09856272298  8.405137E-18
6639.05435948068  2.014968E-17
6641.01015623838  1.814594E-17
6642.96595299609  8.975113E-18
6644.92174975379  2.101263E-17
6646.8775465115  1.711934E-17
6648.8333432692  1.364585E-17
6650.7891400269  2.076446E-17
6652.74493678461  1.515715E-17
6654.70073354231  1.597259E-17
6656.65653030001  1.038727E-17
6658.61232705772  1.339338E-17
6660.56812381542  2.603360E-17
6662.52392057312  2.969102E-17
6664.47971733083  2.053325E-17
6666.43551408853  1.566108E-17
6668.39131084624  9.827714E-18
6670.34710760394  1.071151E-17
6672.30290436164  4.464315E-18
6674.25870111935  1.108544E-17
6676.21449787705  1.804515E-17
6678.17029463476  1.465949E-17
6680.12609139246  2.052254E-17
6682.08188815016  2.030886E-17
6684.03768490787  1.881092E-17
6685.99348166557  1.699280E-17
6687.94927842327  1.912687E-17
6689.90507518098  5.855789E-18
6691.86087193868  9.231223E-18
6693.81666869639  1.400827E-17
6695.77246545409  1.098175E-17
6697.72826221179  6.878998E-18
6699.6840589695  1.579243E-17
6701.6398557272  7.530957E-18
6703.5956524849  1.729240E-17
6705.55144924261  8.361107E-18
6707.50724600031  1.986089E-17
6709.46304275802  1.760283E-17
6711.41883951572  5.985857E-18
6713.37463627342  1.921116E-17
6715.33043303113  6.909432E-18
6717.28622978883  7.836002E-18
6719.24202654653  1.493020E-17
6721.19782330424  1.093737E-17
6723.15362006194  1.426591E-17
6725.10941681965  1.515788E-17
6727.06521357735  1.398162E-17
6729.02101033505  1.649723E-17
6730.97680709276  2.990865E-18
6732.93260385046  1.693270E-17
6734.88840060816  2.159874E-17
6736.84419736587  1.788172E-17
6738.79999412357  2.129015E-17
6740.75579088128  1.309582E-17
6742.71158763898  6.815781E-18
6744.66738439668  1.531398E-17
6746.62318115439  1.266894E-17
6748.57897791209  1.395201E-17
6750.53477466979  3.050849E-17
6752.4905714275  2.258309E-17
6754.4463681852  7.645041E-18
6756.40216494291  1.300241E-17
6758.35796170061  1.294874E-17
6760.31375845831  1.204440E-17
6762.26955521602  1.193588E-17
6764.22535197372  9.560391E-18
6766.18114873142  1.245154E-17
6768.13694548913  2.396810E-17
6770.09274224683  2.139347E-18
6772.04853900454  2.090578E-17
6774.00433576224  1.541892E-17
6775.96013251994  1.984121E-17
6777.91592927765  1.816683E-17
6779.87172603535  1.819571E-17
6781.82752279305  6.818382E-18
6783.78331955076  9.673949E-18
6785.73911630846  8.231503E-18
6787.69491306617  2.148835E-17
6789.65070982387  2.458842E-17
6791.60650658157  1.470581E-17
6793.56230333928  3.122405E-18
6795.51810009698  1.537150E-17
6797.47389685468  2.355354E-17
6799.42969361239  2.314167E-17
6801.38549037009  1.634007E-17
6803.3412871278  1.107121E-17
6805.2970838855  1.888831E-17
6807.2528806432  -4.213650E-19
6809.20867740091  3.535600E-18
6811.16447415861  2.144566E-17
6813.12027091631  2.410919E-17
6815.07606767402  1.693986E-17
6817.03186443172  1.775820E-17
6818.98766118943  1.280714E-17
6820.94345794713  1.356220E-17
6822.89925470483  2.325848E-17
6824.85505146254  2.626919E-17
6826.81084822024  1.690248E-17
6828.76664497794  1.580913E-17
6830.72244173565  1.252844E-17
6832.67823849335  3.158602E-18
6834.63403525106  2.228695E-17
6836.58983200876  5.792293E-18
6838.54562876646  1.594832E-17
6840.50142552417  2.105494E-17
6842.45722228187  2.050158E-17
6844.41301903957  1.722965E-17
6846.36881579728  9.108504E-18
6848.32461255498  1.024217E-17
6850.28040931269  1.987484E-17
6852.23620607039  1.481417E-17
6854.19200282809  1.981501E-17
6856.1477995858  1.955765E-17
6858.1035963435  2.297602E-17
6860.0593931012  4.082240E-17
6862.01518985891  3.156929E-17
6863.97098661661  9.988999E-18
6865.92678337432  1.040351E-17
6867.88258013202  5.216949E-18
6869.83837688972  1.433492E-17
6871.79417364743  1.240824E-17
6873.74997040513  1.741524E-17
6875.70576716283  6.838887E-18
6877.66156392054  1.320710E-17
6879.61736067824  1.471574E-17
6881.57315743595  9.629551E-18
6883.52895419365  1.275653E-17
6885.48475095135  1.039706E-17
6887.44054770906  5.286508E-18
6889.39634446676  1.237541E-17
6891.35214122446  1.563621E-17
6893.30793798217  1.680729E-17
6895.26373473987  1.318063E-17
6897.21953149757  1.918058E-17
6899.17532825528  2.561805E-17
6901.13112501298  1.350883E-17
6903.08692177069  7.585676E-18
6905.04271852839  1.659636E-17
6906.99851528609  2.415432E-17
6908.9543120438  1.236127E-17
6910.9101088015  1.409067E-17
6912.86590555921  4.799332E-18
6914.82170231691  2.349871E-17
6916.77749907461  2.230170E-17
6918.73329583232  2.065067E-17
6920.68909259002  2.529603E-17
6922.64488934772  2.234243E-17
6924.60068610543  3.275194E-18
6926.55648286313  2.214791E-17
6928.51227962084  1.539842E-17
6930.46807637854  1.512603E-17
6932.42387313624  5.248260E-18
6934.37966989395  1.506657E-17
6936.33546665165  5.605399E-18
6938.29126340935  1.137759E-17
6940.24706016706  1.643737E-17
6942.20285692476  1.223717E-17
6944.15865368246  1.153042E-17
6946.11445044017  1.369593E-17
6948.07024719787  2.279942E-18
6950.02604395558  1.614463E-17
6951.98184071328  2.263726E-17
6953.93763747098  1.042312E-17
6955.89343422869  1.300643E-17
6957.84923098639  1.211512E-17
6959.8050277441  2.277752E-17
6961.7608245018  1.697519E-17
6963.7166212595  1.439830E-17
6965.67241801721  1.468443E-17
6967.62821477491  1.280658E-17
6969.58401153261  1.871782E-17
6971.53980829032  1.848977E-17
6973.49560504802  1.792301E-17
6975.45140180573  7.892174E-18
6977.40719856343  1.567475E-17
6979.36299532113  7.577916E-18
6981.31879207884  1.816387E-17
6983.27458883654  1.886872E-17
6985.23038559424  1.197223E-17
6987.18618235195  2.752800E-17
6989.14197910965  1.950393E-17
6991.09777586736  7.725572E-18
6993.05357262506  9.101617E-18
6995.00936938276  4.732244E-18
6996.96516614047  1.458550E-17
6998.92096289817  1.461783E-17
7000.87675965587  9.688292E-18
7002.83255641358  2.312219E-17
7004.78835317128  2.199243E-17
7006.74414992899  1.046670E-17
7008.69994668669  5.152555E-18
7010.65574344439  6.309903E-18
7012.6115402021  1.591595E-17
7014.5673369598  1.807975E-17
7016.5231337175  2.060990E-17
7018.47893047521  2.686959E-17
7020.43472723291  1.462151E-17
7022.39052399061  1.577727E-17
7024.34632074832  2.784710E-17
7026.30211750602  1.439540E-17
7028.25791426373  1.097700E-17
7030.21371102143  2.844027E-17
7032.16950777913  1.748228E-17
7034.12530453684  1.741710E-17
7036.08110129454  2.405854E-17
7038.03689805225  1.843542E-17
7039.99269480995  2.906369E-17
7041.94849156765  1.572449E-17
7043.90428832536  1.156715E-17
7045.86008508306  2.145015E-17
7047.81588184077  2.094076E-17
7049.77167859847  6.000469E-18
7051.72747535617  1.114579E-17
7053.68327211388  1.801925E-17
7055.63906887158  1.425067E-17
7057.59486562928  1.247928E-17
7059.55066238699  2.148175E-17
7061.50645914469  1.344392E-17
7063.46225590239  1.490994E-17
7065.4180526601  1.064037E-17
7067.3738494178  1.534539E-17
7069.32964617551  1.401830E-17
7071.28544293321  1.517706E-17
7073.24123969091  2.623013E-17
7075.19703644862  1.783032E-17
7077.15283320632  1.378264E-17
7079.10862996402  5.811851E-18
7081.06442672173  1.777842E-17
7083.02022347943  1.434433E-17
7084.97602023714  1.227457E-17
7086.93181699484  2.633873E-17
7088.88761375254  2.505703E-17
7090.84341051025  1.845990E-17
7092.79920726795  2.177637E-17
7094.75500402565  2.015093E-17
7096.71080078336  1.123574E-17
7098.66659754106  1.226997E-17
7100.62239429877  7.212407E-18
7102.57819105647  1.724389E-17
7104.53398781417  2.500360E-17
7106.48978457188  1.539814E-17
7108.44558132958  1.186602E-17
7110.40137808728  1.337671E-17
7112.35717484499  2.338107E-17
7114.31297160269  1.807996E-17
7116.2687683604  1.279640E-17
7118.2245651181  2.079699E-17
7120.1803618758  2.424843E-17
7122.13615863351  7.721290E-18
7124.09195539121  1.289674E-17
7126.04775214891  1.910018E-17
7128.00354890662  1.045876E-17
7129.95934566432  8.750803E-18
7131.91514242203  2.569254E-17
7133.87093917973  1.965228E-17
7135.82673593743  1.172419E-17
7137.78253269514  1.675976E-17
7139.73832945284  1.237191E-17
7141.69412621054  1.354707E-17
7143.64992296825  2.385049E-17
7145.60571972595  2.579096E-17
7147.56151648366  1.993607E-17
7149.51731324136  2.227615E-17
7151.47310999906  2.173571E-17
7153.42890675677  1.783233E-17
7155.38470351447  2.638624E-18
7157.34050027217  1.187128E-17
7159.29629702988  2.149314E-17
7161.25209378758  2.089560E-17
7163.20789054529  1.983869E-17
7165.16368730299  1.377842E-17
7167.11948406069  1.701856E-17
7169.0752808184  2.550715E-17
7171.0310775761  -1.821843E-18
7172.9868743338  7.525134E-18
7174.94267109151  1.992889E-17
7176.89846784921  1.697801E-17
7178.85426460691  2.777143E-17
7180.81006136462  1.827655E-17
7182.76585812232  2.906269E-17
7184.72165488003  2.711594E-17
7186.67745163773  1.846338E-17
7188.63324839543  1.323694E-17
7190.58904515314  1.692020E-17
7192.54484191084  1.795540E-17
7194.50063866855  2.237510E-17
7196.45643542625  1.598739E-17
7198.41223218395  7.522981E-18
7200.36802894166  2.000553E-17
7202.32382569936  2.312460E-17
7204.27962245707  1.885926E-17
7206.23541921477  1.864289E-17
7208.19121597247  9.647604E-18
7210.14701273018  2.977023E-17
7212.10280948788  2.090065E-17
7214.05860624558  2.820226E-17
7216.01440300329  8.937420E-18
7217.97019976099  1.424075E-17
7219.9259965187  9.852874E-18
7221.8817932764  2.826057E-17
7223.8375900341  1.483833E-17
7225.79338679181  1.602916E-17
7227.74918354951  2.153585E-17
7229.70498030721  1.875908E-17
7231.66077706492  1.516575E-17
7233.61657382262  1.819864E-17
7235.57237058033  1.299346E-17
7237.52816733803  3.361008E-17
7239.48396409573  3.034210E-17
7241.43976085344  2.331346E-17
7243.39555761114  1.520208E-17
7245.35135436884  2.057574E-17
7247.30715112655  7.560126E-18
7249.26294788425  2.900356E-17
7251.21874464195  2.908479E-17
7253.17454139966  3.985618E-17
7255.13033815736  2.651314E-17
7257.08613491507  1.676684E-17
7259.04193167277  1.430977E-17
7260.99772843047  1.445349E-17
7262.95352518818  1.534055E-17
7264.90932194588  8.007578E-18
7266.86511870359  2.292201E-17
7268.82091546129  2.141202E-17
7270.77671221899  8.654483E-18
7272.7325089767  2.930521E-17
7274.6883057344  2.443805E-17
7276.6441024921  1.090819E-17
7278.59989924981  2.676069E-17
7280.55569600751  4.531904E-18
7282.51149276521  2.106919E-17
7284.46728952292  2.680927E-17
7286.42308628062  2.420302E-17
7288.37888303833  1.599069E-17
7290.33467979603  2.306677E-17
7292.29047655373  2.934652E-17
7294.24627331144  3.061859E-17
7296.20207006914  2.207643E-17
7298.15786682685  2.610283E-17
7300.11366358455  4.945807E-18
7302.06946034225  3.542617E-17
7304.02525709996  1.869679E-17
7305.98105385766  2.983371E-17
7307.93685061536  1.560610E-17
7309.89264737307  9.046548E-18
7311.84844413077  5.689569E-18
7313.80424088847  1.290163E-17
7315.76003764618  1.804551E-17
7317.71583440388  1.712976E-17
7319.67163116159  2.061208E-17
7321.62742791929  2.224273E-17
7323.58322467699  1.263094E-17
7325.5390214347  1.923636E-17
7327.4948181924  1.484478E-17
7329.4506149501  2.102096E-17
7331.40641170781  1.903262E-17
7333.36220846551  4.732356E-18
7335.31800522322  2.145501E-17
7337.27380198092  1.574400E-17
7339.22959873862  1.111605E-17
7341.18539549633  1.044342E-17
7343.14119225403  1.534279E-17
7345.09698901173  2.144193E-17
7347.05278576944  9.001539E-18
7349.00858252714  1.553408E-17
7350.96437928485  1.529495E-17
7352.92017604255  2.110954E-17
7354.87597280025  2.193464E-17
7356.83176955796  1.352192E-17
7358.78756631566  1.396405E-17
7360.74336307337  1.131904E-17
7362.69915983107  1.418608E-17
7364.65495658877  1.360507E-17
7366.61075334648  2.868512E-17
7368.56655010418  1.474017E-17
7370.52234686188  1.625288E-17
7372.47814361959  1.755726E-17
7374.43394037729  2.843918E-17
7376.38973713499  1.640138E-17
7378.3455338927  2.038973E-17
7380.3013306504  2.409757E-17
7382.25712740811  1.629357E-17
7384.21292416581  1.619115E-17
7386.16872092351  1.872488E-17
7388.12451768122  1.634182E-17
7390.08031443892  1.513792E-17
7392.03611119663  7.097926E-18
7393.99190795433  2.056415E-17
7395.94770471203  2.016423E-17
7397.90350146974  1.739074E-17
7399.85929822744  7.019262E-18
7401.81509498514  3.127537E-17
7403.77089174285  1.209274E-17
7405.72668850055  2.415685E-17
7407.68248525825  2.648881E-17
7409.63828201596  2.325819E-17
7411.59407877366  2.209350E-17
7413.54987553136  1.363678E-17
7415.50567228907  1.414755E-17
7417.46146904677  1.005837E-17
7419.41726580448  1.788805E-17
7421.37306256218  2.172897E-17
7423.32885931989  2.853256E-17
7425.28465607759  1.959487E-17
7427.24045283529  1.354779E-17
7429.196249593  2.264985E-17
7431.1520463507  1.585263E-17
7433.1078431084  1.839753E-17
7435.06363986611  2.001972E-17
7437.01943662381  9.602431E-18
7438.97523338151  1.799520E-17
7440.93103013922  2.116315E-17
7442.88682689692  1.801668E-17
7444.84262365463  1.981400E-17
7446.79842041233  1.499860E-17
7448.75421717003  1.179505E-17
7450.71001392774  8.937554E-18
7452.66581068544  -6.492201E-19
7454.62160744314  3.059987E-17
7456.57740420085  1.846379E-17
7458.53320095855  9.012440E-18
7460.48899771626  2.138751E-17
7462.44479447396  8.385838E-18
7464.40059123166  1.250206E-17
7466.35638798937  2.077732E-17
7468.31218474707  1.396329E-17
7470.26798150477  2.353144E-17
7472.22377826248  3.035883E-17
7474.17957502018  2.502349E-17
7476.13537177789  1.803910E-17
7478.09116853559  1.480807E-17
7480.04696529329  2.640233E-17
7482.002762051  1.907101E-17
7483.9585588087  1.122026E-17
7485.91435556641  7.876722E-18
7487.87015232411  1.312181E-17
7489.82594908181  1.889954E-17
7491.78174583952  2.437003E-17
7493.73754259722  3.330749E-17
7495.69333935492  2.681052E-17
7497.64913611263  4.257053E-17
7499.60493287033  2.857566E-17
7501.56072962803  2.166984E-17
7503.51652638574  3.009975E-17
7505.47232314344  1.161214E-17
7507.42811990115  2.635208E-17
7509.38391665885  9.866272E-18
7511.33971341655  1.935730E-17
7513.29551017426  1.618524E-17
7515.25130693196  1.577544E-17
7517.20710368967  3.333244E-17
7519.16290044737  3.229966E-17
7521.11869720507  1.700036E-17
7523.07449396278  -8.429081E-18
7525.03029072048  -1.794723E-17
7526.98608747818  -1.036481E-17
7528.94188423589  1.880165E-17
7530.89768099359  2.549304E-18
7532.85347775129  1.081744E-17
7534.809274509  1.211521E-17
7536.7650712667  2.023128E-17
7538.72086802441  2.724302E-17
7540.67666478211  2.577800E-17
7542.63246153981  2.408367E-17
7544.58825829752  3.420187E-17
7546.54405505522  2.100540E-17
7548.49985181293  2.342544E-17
7550.45564857063  7.768741E-18
7552.41144532833  3.148401E-17
7554.36724208604  2.331708E-17
7556.32303884374  2.500585E-17
7558.27883560144  2.097508E-17
7560.23463235915  7.378769E-18
7562.19042911685  4.380975E-18
7564.14622587455  3.404520E-17
7566.10202263226  3.061706E-17
7568.05781938996  2.433188E-17
7570.01361614767  2.980106E-17
7571.96941290537  2.318157E-17
7573.92520966307  3.801823E-17
7575.88100642078  2.312532E-17
7577.83680317848  2.674864E-17
7579.79259993619  2.433289E-17
7581.74839669389  2.075376E-17
7583.70419345159  1.585258E-17
7585.6599902093  2.424146E-17
7587.615786967  3.694749E-17
7589.5715837247  2.701530E-17
7591.52738048241  2.883834E-17
7593.48317724011  2.743717E-17
7595.43897399781  3.084750E-17
7597.39477075552  2.024505E-17
7599.35056751322  1.013447E-17
7601.30636427093  1.321865E-17
7603.26216102863  1.384078E-17
7605.21795778633  1.360894E-17
7607.17375454404  2.316571E-17
7609.12955130174  2.653814E-17
7611.08534805944  2.064039E-17
7613.04114481715  1.646164E-17
7614.99694157485  1.952310E-17
7616.95273833256  2.090410E-17
7618.90853509026  2.033392E-17
7620.86433184796  1.853123E-17
7622.82012860567  9.783628E-18
7624.77592536337  1.625933E-17
7626.73172212107  2.154797E-17
7628.68751887878  1.666346E-17
7630.64331563648  1.709500E-17
7632.59911239419  1.523499E-17
7634.55490915189  2.222144E-17
7636.51070590959  1.582972E-17
7638.4665026673  6.988969E-18
7640.422299425  9.317293E-18
7642.37809618271  2.303395E-17
7644.33389294041  6.743332E-18
7646.28968969811  5.839017E-17
7648.24548645582  2.346101E-17
7650.20128321352  4.288390E-17
7652.15707997122  1.951164E-17
7654.11287672893  2.137783E-17
7656.06867348663  3.096804E-17
7658.02447024433  3.229222E-17
7659.98026700204  2.102722E-17
7661.93606375974  1.710232E-17
7663.89186051745  2.749267E-17
7665.84765727515  1.774806E-17
7667.80345403285  1.935884E-17
7669.75925079056  1.799455E-17
7671.71504754826  1.484390E-17
7673.67084430597  3.139564E-17
7675.62664106367  1.590334E-17
7677.58243782137  1.866833E-17
7679.53823457908  4.748225E-17
7681.49403133678  1.300707E-17
7683.44982809448  3.279796E-17
7685.40562485219  2.643228E-17
7687.36142160989  4.458655E-18
7689.31721836759  2.665449E-17
7691.2730151253  1.158936E-17
7693.228811883  2.591777E-17
7695.18460864071  1.603288E-17
7697.14040539841  1.649839E-17
7699.09620215611  2.722429E-17
7701.05199891382  2.085763E-17
7703.00779567152  2.587707E-17
7704.96359242923  1.831640E-17
7706.91938918693  9.841193E-18
7708.87518594463  -3.706142E-19
7710.83098270234  1.981542E-17
7712.78677946004  2.482550E-17
7714.74257621774  1.990150E-17
7716.69837297545  1.181813E-17
7718.65416973315  1.831177E-17
7720.60996649085  2.264518E-18
7722.56576324856  1.602234E-17
7724.52156000626  2.947664E-17
7726.47735676397  2.651477E-17
7728.43315352167  3.915065E-17
7730.38895027938  1.701343E-17
7732.34474703708  3.242196E-17
7734.30054379478  1.494363E-17
7736.25634055249  1.965239E-17
7738.21213731019  2.972077E-17
7740.16793406789  1.429419E-17
7742.1237308256  2.484844E-17
7744.0795275833  3.104096E-17
7746.035324341  3.359520E-17
7747.99112109871  1.548071E-17
7749.94691785641  4.183335E-17
7751.90271461411  3.000353E-17
7753.85851137182  1.255278E-17
7755.81430812952  1.333652E-17
7757.77010488723  1.034530E-17
7759.72590164493  2.494754E-17
7761.68169840263  2.686764E-17
7763.63749516034  3.495757E-17
7765.59329191804  2.470787E-17
7767.54908867575  1.507077E-17
7769.50488543345  1.398262E-17
7771.46068219115  2.813306E-17
7773.41647894886  2.956657E-17
7775.37227570656  3.592579E-17
7777.32807246426  2.912722E-17
7779.28386922197  3.596841E-17
7781.23966597967  2.716408E-17
7783.19546273738  2.667241E-17
7785.15125949508  2.987452E-17
7787.10705625278  2.415333E-17
7789.06285301049  1.874530E-17
7791.01864976819  2.768595E-17
7792.97444652589  2.514901E-17
7794.9302432836  1.117045E-17
7796.8860400413  4.547552E-18
7798.841836799  2.760130E-17
7800.79763355671  3.422065E-17
7802.75343031441  2.958142E-17
7804.70922707212  1.885454E-17
7806.66502382982  5.606383E-18
7808.62082058752  2.447653E-17
7810.57661734523  2.553119E-17
7812.53241410293  2.056096E-17
7814.48821086064  2.606282E-19
7816.44400761834  3.208182E-17
7818.39980437604  3.556455E-17
7820.35560113375  2.522373E-17
7822.31139789145  2.802666E-17
7824.26719464915  1.301155E-17
7826.22299140686  1.961718E-17
7828.17878816456  1.716852E-17
7830.13458492227  2.300112E-17
7832.09038167997  1.439816E-17
7834.04617843767  2.321665E-17
7836.00197519538  2.669811E-17
7837.95777195308  7.872144E-18
7839.91356871078  3.337324E-17
7841.86936546849  2.625662E-17
7843.82516222619  2.915461E-17
7845.78095898389  2.255590E-17
7847.7367557416  7.547946E-18
7849.6925524993  1.878080E-17
7851.64834925701  3.802251E-17
7853.60414601471  2.636444E-17
7855.55994277241  -1.097403E-17
7857.51573953012  1.133338E-17
7859.47153628782  2.807103E-17
7861.42733304552  2.769910E-17
7863.38312980323  3.231218E-17
7865.33892656093  1.583778E-17
7867.29472331864  1.774707E-17
7869.25052007634  1.515899E-17
7871.20631683404  4.898065E-19
7873.16211359175  2.303162E-18
7875.11791034945  2.065714E-17
7877.07370710716  3.046280E-17
7879.02950386486  2.480888E-17
7880.98530062256  2.271309E-17
7882.94109738027  1.008414E-17
7884.89689413797  8.165244E-18
7886.85269089567  2.375710E-17
7888.80848765338  1.981234E-17
7890.76428441108  4.584334E-17
7892.72008116879  4.504086E-17
7894.67587792649  3.649317E-17
7896.63167468419  2.266393E-17
7898.5874714419  1.651695E-17
7900.5432681996  1.651522E-17
7902.4990649573  2.543137E-17
7904.45486171501  2.785539E-17
7906.41065847271  3.884292E-17
7908.36645523042  1.291537E-17
7910.32225198812  2.780432E-17
7912.27804874582  3.691543E-17
7914.23384550353  3.343231E-17
7916.18964226123  2.284547E-17
7918.14543901893  1.025463E-17
7920.10123577664  2.576644E-17
7922.05703253434  1.490228E-17
7924.01282929204  5.345361E-17
7925.96862604975  2.001100E-17
7927.92442280745  2.047173E-17
7929.88021956516  2.713568E-17
7931.83601632286  1.263604E-17
7933.79181308056  1.370945E-17
7935.74760983827  2.098893E-17
7937.70340659597  8.172360E-18
7939.65920335368  2.770467E-17
7941.61500011138  3.086081E-17
7943.57079686908  1.050887E-17
7945.52659362679  2.692579E-17
7947.48239038449  1.675334E-17
7949.43818714219  9.596425E-18
7951.3939838999  2.146446E-17
7953.3497806576  1.070722E-17
7955.30557741531  2.333639E-17
7957.26137417301  2.984936E-17
7959.21717093071  1.533041E-17
7961.17296768842  2.151466E-17
7963.12876444612  2.803968E-17
7965.08456120382  1.988606E-17
7967.04035796153  1.889670E-17
7968.99615471923  1.370638E-17
7970.95195147694  1.913158E-17
7972.90774823464  3.249330E-17
7974.86354499234  1.284371E-17
7976.81934175005  2.325103E-17
7978.77513850775  2.863774E-17
7980.73093526545  3.374263E-17
7982.68673202316  2.941820E-17
7984.64252878086  1.527537E-17
7986.59832553857  -2.479322E-18
7988.55412229627  4.328019E-17
7990.50991905397  2.850073E-17
7992.46571581168  2.851826E-17
7994.42151256938  6.780689E-18
7996.37730932709  9.552605E-18
7998.33310608479  1.916757E-17
8000.28890284249  1.668087E-17
8002.24469960019  1.648577E-17
8004.2004963579  1.583785E-17
8006.1562931156  2.159706E-17
8008.11208987331  2.631202E-17
8010.06788663101  7.363199E-18
8012.02368338871  1.813442E-17
8013.97948014642  1.535309E-17
8015.93527690412  2.604017E-17
8017.89107366183  1.952597E-17
8019.84687041953  2.260192E-17
8021.80266717723  3.004501E-17
8023.75846393494  2.339373E-17
8025.71426069264  1.594746E-17
8027.67005745035  7.064737E-18
8029.62585420805  1.302687E-17
8031.58165096575  1.732148E-17
8033.53744772346  1.866990E-17
8035.49324448116  1.378184E-17
8037.44904123886  2.248040E-17
8039.40483799657  2.081326E-17
8041.36063475427  2.285710E-17
8043.31643151197  2.180506E-17
8045.27222826968  1.982410E-17
8047.22802502738  1.972410E-17
8049.18382178509  2.089217E-17
8051.13961854279  1.123178E-17
8053.09541530049  2.262704E-17
8055.0512120582  2.191553E-17
8057.0070088159  1.742472E-17
8058.9628055736  1.899772E-17
8060.91860233131  2.874397E-17
8062.87439908901  2.160561E-17
8064.83019584672  1.539298E-17
8066.78599260442  1.873560E-17
8068.74178936212  3.060629E-17
8070.69758611983  2.603011E-17
8072.65338287753  2.446463E-17
8074.60917963523  2.336736E-17
8076.56497639294  2.498975E-17
8078.52077315064  2.521109E-17
8080.47656990835  1.245509E-17
8082.43236666605  2.212776E-17
8084.38816342375  2.377916E-17
8086.34396018146  1.801877E-17
8088.29975693916  1.890356E-17
8090.25555369687  2.586965E-17
8092.21135045457  2.727420E-17
8094.16714721227  3.429182E-17
8096.12294396998  1.385304E-17
8098.07874072768  1.242583E-17
8100.03453748538  2.038721E-17
8101.99033424309  1.121378E-17
8103.94613100079  1.157760E-17
8105.90192775849  1.092824E-17
8107.8577245162  1.993036E-17
8109.8135212739  2.200681E-17
8111.76931803161  1.259187E-17
8113.72511478931  1.714865E-17
8115.68091154701  3.194124E-17
8117.63670830472  2.381934E-17
8119.59250506242  1.989213E-17
8121.54830182012  1.566358E-17
8123.50409857783  1.352112E-17
8125.45989533553  2.100509E-17
8127.41569209324  3.257657E-17
8129.37148885094  3.631225E-17
8131.32728560864  3.149031E-17
8133.28308236635  2.794200E-17
8135.23887912405  2.011636E-17
8137.19467588175  2.056404E-17
8139.15047263946  2.233647E-17
8141.10626939716  1.827482E-17
8143.06206615487  1.376584E-17
8145.01786291257  1.301549E-17
8146.97365967027  1.337344E-17
8148.92945642798  1.819350E-17
8150.88525318568  2.108334E-17
8152.84104994339  1.471769E-17
8154.79684670109  1.744305E-17
8156.75264345879  2.570696E-17
8158.7084402165  2.410862E-17
8160.6642369742  1.407108E-17
8162.6200337319  1.101413E-17
8164.57583048961  7.311595E-18
8166.53162724731  1.704736E-17
8168.48742400501  1.832732E-17
8170.44322076272  2.193679E-17
8172.39901752042  2.519885E-17
8174.35481427813  1.363487E-17
8176.31061103583  1.210213E-17
8178.26640779353  1.417538E-17
8180.22220455124  1.363231E-17
8182.17800130894  2.347667E-17
8184.13379806665  1.929886E-17
8186.08959482435  2.229153E-17
8188.04539158205  3.160200E-17
8190.00118833976  2.241071E-17
8191.95698509746  1.585754E-17
8193.91278185517  1.609438E-17
8195.86857861287  3.619630E-17
8197.82437537057  1.546772E-17
8199.78017212828  5.075096E-18
8201.73596888598  2.483359E-17
8203.69176564368  1.925265E-17
8205.64756240139  2.719031E-17
8207.60335915909  2.731271E-17
8209.55915591679  2.048499E-17
8211.5149526745  2.760247E-17
8213.4707494322  2.191340E-17
8215.42654618991  4.105132E-17
8217.38234294761  2.955449E-17
8219.33813970531  1.546231E-17
8221.29393646302  -2.276422E-19
8223.24973322072  3.379676E-17
8225.20552997842  3.067722E-17
8227.16132673613  4.103331E-17
8229.11712349383  6.838637E-18
8231.07292025153  2.323780E-17
8233.02871700924  6.217195E-18
8234.98451376694  2.683425E-17
8236.94031052465  2.382977E-17
8238.89610728235  2.844895E-17
8240.85190404005  3.292419E-19
8242.80770079776  1.462901E-17
8244.76349755546  2.412079E-17
8246.71929431316  2.216700E-17
8248.67509107087  2.746875E-17
8250.63088782857  2.171343E-17
8252.58668458628  2.593080E-17
8254.54248134398  2.765938E-17
8256.49827810168  2.858302E-17
8258.45407485939  2.761540E-17
8260.40987161709  3.115808E-17
8262.36566837479  5.151260E-17
8264.3214651325  8.373788E-18
8266.2772618902  2.014740E-17
8268.23305864791  5.285688E-17
8270.18885540561  1.530564E-17
8272.14465216331  2.372132E-17
8274.10044892102  8.542429E-18
8276.05624567872  4.017967E-17
8278.01204243642  2.822993E-17
8279.96783919413  2.851174E-17
8281.92363595183  3.935863E-17
8283.87943270953  1.472067E-17
8285.83522946724  1.813681E-17
8287.79102622494  4.406987E-17
8289.74682298265  2.091678E-17
8291.70261974035  2.314186E-17
8293.65841649805  2.013182E-17
8295.61421325576  1.778057E-17
8297.57001001346  2.644655E-17
8299.52580677117  1.732931E-17
8301.48160352887  7.067563E-18
8303.43740028657  1.392157E-17
8305.39319704428  2.823936E-17
8307.34899380198  1.993036E-17
8309.30479055968  2.273800E-17
8311.26058731739  2.517849E-17
8313.21638407509  9.438833E-18
8315.1721808328  2.512369E-17
8317.1279775905  3.632661E-17
8319.0837743482  3.800175E-17
8321.03957110591  4.447336E-17
8322.99536786361  4.131444E-17
8324.95116462131  2.309487E-17
8326.90696137902  2.322331E-17
8328.86275813672  6.383965E-18
8330.81855489442  3.402447E-17
8332.77435165213  3.150883E-17
8334.73014840983  1.771258E-17
8336.68594516754  2.198511E-17
8338.64174192524  3.310941E-17
8340.59753868295  1.600737E-17
8342.55333544065  3.132209E-17
8344.50913219835  1.719398E-17
8346.46492895605  2.071530E-17
8348.42072571376  2.637320E-17
8350.37652247146  1.459105E-17
8352.33231922917  3.466978E-17
8354.28811598687  2.833726E-17
8356.24391274457  2.761522E-17
8358.19970950228  2.791715E-17
8360.15550625998  6.672469E-18
8362.11130301769  4.103822E-17
8364.06709977539  2.981217E-17
8366.02289653309  1.915707E-17
8367.9786932908  2.762985E-17
8369.9344900485  3.355197E-17
8371.8902868062  8.293988E-18
8373.84608356391  3.274006E-17
8375.80188032161  3.083020E-17
8377.75767707932  3.507957E-17
8379.71347383702  4.342889E-17
8381.66927059472  1.927219E-17
8383.62506735243  5.362969E-18
8385.58086411013  -4.583564E-18
8387.53666086783  3.382603E-17
8389.49245762554  2.379238E-17
8391.44825438324  2.791742E-17
8393.40405114094  3.028632E-17
8395.35984789865  1.931796E-17
8397.31564465635  3.781453E-17
8399.27144141406  1.925185E-17
8401.22723817176  1.683966E-17
8403.18303492947  2.488457E-17
8405.13883168717  2.254174E-17
8407.09462844487  1.842803E-17
8409.05042520257  1.503981E-17
8411.00622196028  1.534129E-17
8412.96201871798  9.822326E-18
8414.91781547569  1.366606E-17
8416.87361223339  1.566698E-17
8418.82940899109  2.766164E-17
8420.7852057488  3.308950E-17
8422.7410025065  3.707324E-17
8424.69679926421  4.153083E-18
8426.65259602191  5.168466E-17
8428.60839277961  1.943567E-17
8430.56418953732  4.135926E-17
8432.51998629502  2.195363E-17
8434.47578305272  2.076912E-17
8436.43157981043  2.188850E-17
8438.38737656813  1.979139E-17
8440.34317332584  1.609155E-17
8442.29897008354  1.489369E-17
8444.25476684124  8.749385E-18
8446.21056359895  2.442281E-17
8448.16636035665  2.846173E-17
8450.12215711435  1.362934E-17
8452.07795387206  2.083713E-17
8454.03375062976  2.321912E-17
8455.98954738747  1.424037E-17
8457.94534414517  1.503165E-17
8459.90114090287  2.068401E-17
8461.85693766058  2.291991E-17
8463.81273441828  2.657057E-17
8465.76853117599  2.409111E-17
8467.72432793369  1.669378E-17
8469.68012469139  2.690045E-17
8471.6359214491  2.407657E-17
8473.5917182068  3.263807E-17
8475.5475149645  3.699195E-17
8477.50331172221  2.340734E-18
8479.45910847991  2.248539E-17
8481.41490523761  2.604244E-17
8483.37070199532  2.472393E-17
8485.32649875302  1.386215E-17
8487.28229551073  2.941175E-17
8489.23809226843  2.755103E-17
8491.19388902613  3.038891E-17
8493.14968578384  2.532390E-17
8495.10548254154  3.124415E-17
8497.06127929925  2.889397E-17
8499.01707605695  2.314525E-17
8500.97287281465  1.829773E-17
8502.92866957236  2.226354E-17
8504.88446633006  1.504417E-17
8506.84026308776  -1.433132E-18
8508.79605984547  1.460418E-17
8510.75185660317  2.261393E-17
8512.70765336087  2.639913E-17
8514.66345011858  1.993446E-17
8516.61924687628  5.925362E-18
8518.57504363399  9.741035E-18
8520.53084039169  2.193543E-17
8522.48663714939  1.959195E-17
8524.4424339071  2.427032E-17
8526.3982306648  2.046882E-17
8528.35402742251  2.302764E-17
8530.30982418021  2.061152E-17
8532.26562093791  1.913984E-17
8534.22141769562  2.555101E-17
8536.17721445332  2.759799E-17
8538.13301121102  2.529454E-17
8540.08880796873  2.053540E-17
8542.04460472643  1.944221E-17
8544.00040148413  2.052887E-17
8545.95619824184  2.610069E-17
8547.91199499954  2.830964E-17
8549.86779175725  2.513819E-17
8551.82358851495  2.451721E-17
8553.77938527265  5.172652E-18
8555.73518203036  1.785467E-17
8557.69097878806  2.482506E-17
8559.64677554577  1.245692E-17
8561.60257230347  1.954173E-17
8563.55836906117  2.663073E-17
8565.51416581888  2.362287E-17
8567.46996257658  2.679358E-17
8569.42575933428  1.870369E-17
8571.38155609199  2.750122E-17
8573.33735284969  1.877514E-17
8575.29314960739  3.451818E-17
8577.2489463651  2.331232E-17
8579.2047431228  2.789211E-17
8581.16053988051  3.502628E-17
8583.11633663821  1.862765E-17
8585.07213339591  3.368770E-17
8587.02793015362  1.371055E-17
8588.98372691132  2.117555E-17
8590.93952366903  3.057478E-17
8592.89532042673  1.636955E-17
8594.85111718443  3.228942E-17
8596.80691394214  3.983772E-17
8598.76271069984  1.853760E-17
8600.71850745754  2.453304E-17
8602.67430421525  1.558337E-17
8604.63010097295  1.667028E-17
8606.58589773065  1.353981E-17
8608.54169448836  2.885224E-17
8610.49749124606  2.096413E-17
8612.45328800377  2.766871E-17
8614.40908476147  1.031768E-17
8616.36488151917  1.147956E-17
8618.32067827688  1.031581E-17
8620.27647503458  1.766877E-17
8622.23227179229  2.344770E-17
8624.18806854999  1.577578E-17
8626.14386530769  1.425727E-17
8628.0996620654  2.915742E-17
8630.0554588231  1.710939E-17
8632.0112555808  2.630700E-17
8633.96705233851  1.678165E-17
8635.92284909621  2.230448E-17
8637.87864585391  1.778423E-17
8639.83444261162  2.093740E-17
8641.79023936932  2.662755E-17
8643.74603612703  1.380781E-17
8645.70183288473  1.679173E-17
8647.65762964243  2.349986E-17
8649.61342640014  2.374369E-17
8651.56922315784  1.567943E-17
8653.52501991555  2.648498E-17
8655.48081667325  2.151808E-17
8657.43661343095  2.285645E-17
8659.39241018866  1.257546E-17
8661.34820694636  1.890008E-17
8663.30400370406  1.602138E-17
8665.25980046177  7.584398E-18
8667.21559721947  1.729500E-17
8669.17139397718  1.557818E-17
8671.12719073488  1.456335E-17
8673.08298749258  3.122587E-17
8675.03878425029  2.871305E-17
8676.99458100799  2.756619E-17
8678.95037776569  1.112363E-17
8680.9061745234  2.291282E-17
8682.8619712811  6.325975E-17
8684.81776803881  -9.904054E-18
8686.77356479651  1.207287E-17
8688.72936155421  3.774324E-18
8690.68515831192  1.736858E-17
8692.64095506962  1.777768E-17
8694.59675182732  5.301003E-18
8696.55254858503  1.786069E-17
8698.50834534273  4.279677E-17
8700.46414210043  3.570548E-17
8702.41993885814  5.874550E-17
8704.37573561584  1.355906E-17
8706.33153237355  2.675714E-17
8708.28732913125  8.401071E-18
8710.24312588895  2.640558E-17
8712.19892264666  2.656770E-17
8714.15471940436  2.603062E-17
8716.11051616206  2.105589E-17
8718.06631291977  3.202385E-18
8720.02210967747  8.429355E-18
8721.97790643518  2.161542E-17
8723.93370319288  2.094251E-17
8725.88949995058  2.201828E-17
8727.84529670829  1.284649E-17
8729.80109346599  1.779188E-17
8731.75689022369  3.286609E-17
8733.7126869814  2.633584E-17
8735.6684837391  4.076403E-17
8737.62428049681  2.848995E-17
8739.58007725451  2.175170E-17
8741.53587401221  2.220279E-17
8743.49167076992  1.379499E-17
8745.44746752762  2.509267E-18
8747.40326428532  4.558507E-17
8749.35906104303  2.439256E-17
8751.31485780073  2.485174E-17
8753.27065455844  2.237385E-17
8755.22645131614  5.830266E-17
8757.18224807384  2.271229E-17
8759.13804483155  9.768601E-18
8761.09384158925  5.806758E-17
8763.04963834695  1.026243E-17
8765.00543510466  3.421066E-17
8766.96123186236  6.344166E-18
8768.91702862007  2.093976E-17
8770.87282537777  1.635448E-17
8772.82862213547  2.336671E-17
8774.78441889318  3.007891E-17
8776.74021565088  6.193437E-18
8778.69601240858  2.803042E-17
8780.65180916629  4.039820E-17
8782.60760592399  4.306944E-17
8784.5634026817  6.457867E-18
8786.5191994394  3.161635E-17
8788.4749961971  4.399914E-17
8790.43079295481  4.585968E-17
8792.38658971251  4.170898E-17
8794.34238647022  4.212573E-18
8796.29818322792  2.354068E-17
8798.25397998562  1.388224E-17
8800.20977674333  5.134692E-17
8802.16557350103  3.753703E-17
8804.12137025873  5.390874E-18
8806.07716701644  7.757558E-18
8808.03296377414  1.828845E-17
8809.98876053185  1.882447E-17
8811.94455728955  1.583754E-18
8813.90035404725  1.921876E-17
8815.85615080496  1.279350E-17
8817.81194756266  4.648109E-17
8819.76774432036  3.132231E-17
8821.72354107807  4.434125E-17
8823.67933783577  4.041460E-17
8825.63513459347  4.658966E-17
8827.59093135118  3.378714E-17
8829.54672810888  4.688688E-18
8831.50252486659  2.368080E-17
8833.45832162429  2.610187E-17
8835.41411838199  1.802535E-17
8837.3699151397  2.382260E-17
8839.3257118974  2.210844E-17
8841.2815086551  3.434019E-17
8843.23730541281  7.617799E-17
8845.19310217051  1.972671E-17
8847.14889892822  3.149561E-17
8849.10469568592  1.597663E-17
8851.06049244362  8.718528E-18
8853.01628920133  3.221067E-17
8854.97208595903  2.239865E-17
8856.92788271674  4.942132E-17
8858.88367947444  1.084301E-17
8860.83947623214  -6.630637E-18
8862.79527298985  5.465925E-17
8864.75106974755  2.493771E-17
8866.70686650525  3.984094E-17
8868.66266326296  1.033471E-17
8870.61846002066  2.023468E-17
8872.57425677837  6.004770E-17
8874.53005353607  2.111004E-17
8876.48585029377  2.630048E-17
8878.44164705148  2.575588E-17
