3961.45504243709  5.182353E-17
3963.41572504272  -2.199927E-17
3965.37640764835  2.342119E-18
3967.33709025398  5.435960E-17
3969.29777285961  -2.299803E-17
3971.25845546524  -2.979800E-17
3973.21913807086  1.921517E-19
3975.17982067649  3.854331E-17
3977.14050328212  5.278113E-17
3979.10118588775  3.505259E-17
3981.06186849338  3.399016E-17
3983.022551099  3.551101E-17
3984.98323370463  7.435838E-17
3986.94391631026  6.699882E-17
3988.90459891589  4.497681E-17
3990.86528152152  -5.654599E-17
3992.82596412715  1.211654E-17
3994.78664673277  1.403131E-17
3996.7473293384  3.890604E-17
3998.70801194403  8.527790E-17
4000.66869454966  3.848915E-17
4002.62937715529  2.557865E-18
4004.59005976092  -4.557734E-18
4006.55074236654  3.720298E-17
4008.51142497217  2.214567E-17
4010.4721075778  2.144494E-17
4012.43279018343  -6.952771E-18
4014.39347278906  5.533987E-18
4016.35415539468  4.045208E-18
4018.31483800031  -2.216484E-17
4020.27552060594  -6.642213E-18
4022.23620321157  -5.322652E-17
4024.1968858172  -6.417261E-17
4026.15756842283  2.330408E-18
4028.11825102845  -9.905815E-18
4030.07893363408  6.524922E-17
4032.03961623971  2.382719E-17
4034.00029884534  -3.651982E-17
4035.96098145097  2.874609E-17
4037.92166405659  2.983707E-18
4039.88234666222  -2.140657E-17
4041.84302926785  3.601334E-17
4043.80371187348  2.629891E-17
4045.76439447911  5.543969E-17
4047.72507708474  -1.790387E-17
4049.68575969037  2.887195E-17
4051.64644229599  -4.727440E-19
4053.60712490162  -1.499111E-17
4055.56780750725  4.605604E-17
4057.52849011288  4.664678E-17
4059.48917271851  5.130566E-17
4061.44985532414  2.357005E-17
4063.41053792976  5.423880E-17
4065.37122053539  3.409950E-17
4067.33190314102  3.024917E-17
4069.29258574665  5.738089E-17
4071.25326835228  4.221104E-17
4073.2139509579  1.796641E-17
4075.17463356353  3.372208E-17
4077.13531616916  2.725782E-17
4079.09599877479  2.838327E-18
4081.05668138042  -9.441923E-18
4083.01736398604  1.874861E-17
4084.97804659167  2.190100E-17
4086.9387291973  3.118189E-17
4088.89941180293  -9.755214E-18
4090.86009440856  -1.928506E-17
4092.82077701419  1.713443E-17
4094.78145961981  3.459982E-17
4096.74214222544  -1.280066E-17
4098.70282483107  3.193220E-17
4100.6635074367  6.569191E-18
4102.62419004233  -5.163767E-18
4104.58487264796  4.757766E-17
4106.54555525358  1.361315E-17
4108.50623785921  -4.485189E-17
4110.46692046484  2.573655E-17
4112.42760307047  3.824846E-17
4114.3882856761  2.049738E-17
4116.34896828173  3.216176E-17
4118.30965088735  6.309216E-17
4120.27033349298  -2.456859E-17
4122.23101609861  -8.824075E-18
4124.19169870424  8.758507E-18
4126.15238130987  -7.308104E-18
4128.11306391549  2.047376E-17
4130.07374652112  -2.437557E-18
4132.03442912675  -3.217451E-18
4133.99511173238  6.544246E-17
4135.95579433801  9.164178E-17
4137.91647694364  7.726056E-18
4139.87715954926  -1.313597E-17
4141.83784215489  1.732432E-17
4143.79852476052  7.903079E-20
4145.75920736615  2.080069E-18
4147.71988997178  5.881354E-17
4149.6805725774  9.691380E-17
4151.64125518303  7.188996E-17
4153.60193778866  2.211399E-17
4155.56262039429  3.645184E-17
4157.52330299992  4.488158E-17
4159.48398560555  -2.271702E-18
4161.44466821118  3.262069E-17
4163.4053508168  4.970268E-17
4165.36603342243  2.641279E-17
4167.32671602806  3.974617E-17
4169.28739863369  7.162224E-18
4171.24808123932  2.619965E-17
4173.20876384494  4.616191E-17
4175.16944645057  5.979577E-17
4177.1301290562  5.301130E-17
4179.09081166183  -1.180911E-17
4181.05149426746  -1.203004E-17
4183.01217687309  7.689330E-18
4184.97285947871  3.905189E-17
4186.93354208434  4.950808E-17
4188.89422468997  9.355845E-18
4190.8549072956  -5.276762E-18
4192.81558990123  2.227809E-17
4194.77627250686  4.424091E-17
4196.73695511248  6.538550E-17
4198.69763771811  4.625545E-17
4200.65832032374  -8.397612E-19
4202.61900292937  -1.107652E-17
4204.579685535  2.955213E-17
4206.54036814062  2.749938E-17
4208.50105074625  2.747566E-17
4210.46173335188  3.368138E-17
4212.42241595751  3.300445E-17
4214.38309856314  6.338210E-17
4216.34378116877  9.031793E-18
4218.3044637744  1.502498E-17
4220.26514638002  5.155240E-17
4222.22582898565  2.770104E-17
4224.18651159128  -1.813784E-17
4226.14719419691  -1.801660E-17
4228.10787680253  -1.140896E-17
4230.06855940816  1.655058E-17
4232.02924201379  2.585896E-17
4233.98992461942  4.843487E-18
4235.95060722505  -2.329051E-17
4237.91128983068  -1.397971E-17
4239.87197243631  2.658559E-17
4241.83265504193  3.557408E-17
4243.79333764756  -1.189393E-17
4245.75402025319  -1.490102E-18
4247.71470285882  2.747966E-17
4249.67538546445  4.245002E-17
4251.63606807007  3.578024E-17
4253.5967506757  2.285511E-17
4255.55743328133  2.319813E-17
4257.51811588696  4.364071E-17
4259.47879849259  3.117015E-17
4261.43948109822  2.263121E-17
4263.40016370384  4.870958E-17
4265.36084630947  1.342335E-17
4267.3215289151  -3.888971E-18
4269.28221152073  -6.459738E-18
4271.24289412636  3.113370E-17
4273.20357673199  -2.958423E-18
4275.16425933761  7.306514E-18
4277.12494194324  5.512303E-18
4279.08562454887  1.785478E-17
4281.0463071545  2.751775E-17
4283.00698976013  2.491689E-17
4284.96767236575  3.476290E-17
4286.92835497138  1.493718E-17
4288.88903757701  2.205365E-17
4290.84972018264  5.197045E-17
4292.81040278827  3.016012E-17
4294.7710853939  3.248944E-17
4296.73176799952  2.965072E-17
4298.69245060515  3.100086E-17
4300.65313321078  5.966897E-17
4302.61381581641  3.858849E-17
4304.57449842204  1.805335E-17
4306.53518102766  1.328459E-17
4308.49586363329  1.895658E-17
4310.45654623892  2.520912E-17
4312.41722884455  5.499688E-17
4314.37791145018  2.569724E-17
4316.3385940558  4.172837E-17
4318.29927666143  2.395873E-17
4320.25995926706  6.078719E-17
4322.22064187269  3.164778E-17
4324.18132447832  2.898110E-17
4326.14200708395  6.214726E-17
4328.10268968958  6.963860E-17
4330.0633722952  4.945897E-17
4332.02405490083  2.614737E-17
4333.98473750646  1.155511E-17
4335.94542011209  3.748294E-17
4337.90610271772  4.631990E-18
4339.86678532335  2.698072E-17
4341.82746792897  -1.683966E-17
4343.7881505346  4.430288E-17
4345.74883314023  7.328409E-17
4347.70951574586  7.089683E-17
4349.67019835149  2.235025E-17
4351.63088095712  2.210137E-17
4353.59156356274  6.437622E-17
4355.55224616837  5.711316E-17
4357.512928774  1.394389E-17
4359.47361137963  1.956831E-17
4361.43429398526  2.033146E-17
4363.39497659088  2.563296E-17
4365.35565919651  4.350907E-17
4367.31634180214  3.467322E-17
4369.27702440777  3.584292E-17
4371.2377070134  3.366366E-17
4373.19838961902  3.952992E-17
4375.15907222465  3.930409E-17
4377.11975483028  2.866599E-17
4379.08043743591  1.936196E-17
4381.04112004154  2.056707E-17
4383.00180264717  -3.178593E-17
4384.96248525279  2.545706E-17
4386.92316785842  3.577857E-17
4388.88385046405  2.385933E-17
4390.84453306968  2.247502E-17
4392.80521567531  5.649647E-18
4394.76589828094  2.313292E-17
4396.72658088656  3.056803E-17
4398.68726349219  2.948975E-17
4400.64794609782  4.749900E-17
4402.60862870345  5.156502E-17
4404.56931130908  2.239258E-17
4406.52999391471  1.788967E-17
4408.49067652033  1.006782E-17
4410.45135912596  2.762557E-17
4412.41204173159  5.068720E-17
4414.37272433722  4.442325E-17
4416.33340694285  6.746163E-18
4418.29408954847  7.495641E-18
4420.2547721541  1.573640E-17
4422.21545475973  4.472857E-17
4424.17613736536  5.622390E-17
4426.13681997099  1.617024E-17
4428.09750257661  -8.798074E-18
4430.05818518224  1.852200E-18
4432.01886778787  2.525496E-17
4433.9795503935  3.654197E-17
4435.94023299913  5.104827E-17
4437.90091560476  4.525364E-17
4439.86159821039  6.341823E-17
4441.82228081601  2.810496E-18
4443.78296342164  2.931854E-17
4445.74364602727  2.391001E-17
4447.7043286329  2.304442E-17
4449.66501123853  4.688894E-17
4451.62569384415  2.190105E-17
4453.58637644978  -1.430822E-17
4455.54705905541  1.203332E-17
4457.50774166104  4.026080E-17
4459.46842426667  2.504900E-17
4461.4291068723  1.398887E-17
4463.38978947792  3.033277E-17
4465.35047208355  3.683802E-17
4467.31115468918  1.730540E-17
4469.27183729481  1.851741E-17
4471.23251990044  2.020614E-17
4473.19320250607  1.430188E-17
4475.15388511169  1.601061E-17
4477.11456771732  1.891512E-17
4479.07525032295  4.800510E-18
4481.03593292858  9.775711E-18
4482.99661553421  2.903762E-17
4484.95729813983  3.475283E-17
4486.91798074546  7.135942E-18
4488.87866335109  1.166764E-18
4490.83934595672  4.095539E-17
4492.80002856235  -1.025769E-17
4494.76071116798  8.279740E-18
4496.7213937736  2.289730E-18
4498.68207637923  1.296897E-17
4500.64275898486  1.960834E-17
4502.60344159049  1.975888E-17
4504.56412419612  2.239904E-17
4506.52480680174  3.609203E-17
4508.48548940737  4.734888E-17
4510.446172013  2.505111E-17
4512.40685461863  2.984021E-17
4514.36753722426  2.981328E-17
4516.32821982989  6.740161E-17
4518.28890243552  6.240749E-17
4520.24958504114  4.221311E-17
4522.21026764677  2.436084E-17
4524.1709502524  2.147679E-17
4526.13163285803  4.234143E-17
4528.09231546366  4.091611E-17
4530.05299806928  3.230391E-17
4532.01368067491  3.075615E-17
4533.97436328054  4.580603E-17
4535.93504588617  6.116492E-17
4537.8957284918  4.712319E-17
4539.85641109743  3.676423E-17
4541.81709370305  8.452333E-18
4543.77777630868  1.453357E-17
4545.73845891431  4.284865E-17
4547.69914151994  4.902085E-17
4549.65982412557  4.381081E-17
4551.6205067312  4.792535E-17
4553.58118933682  5.883708E-17
4555.54187194245  3.324740E-17
4557.50255454808  3.910829E-17
4559.46323715371  3.693821E-17
4561.42391975934  4.434598E-17
4563.38460236496  4.877544E-17
4565.34528497059  3.978196E-17
4567.30596757622  2.047176E-17
4569.26665018185  4.416311E-17
4571.22733278748  3.888957E-17
4573.18801539311  2.515548E-17
4575.14869799873  4.981820E-17
4577.10938060436  4.598760E-17
4579.07006320999  4.897059E-17
4581.03074581562  3.787589E-17
4582.99142842125  2.886992E-17
4584.95211102688  2.953472E-17
4586.9127936325  5.804389E-17
4588.87347623813  6.395461E-17
4590.83415884376  5.579564E-17
4592.79484144939  2.669713E-17
4594.75552405501  6.922785E-17
4596.71620666064  4.310022E-17
4598.67688926627  3.470689E-17
4600.6375718719  2.808744E-17
4602.59825447753  4.383934E-17
4604.55893708316  2.309280E-17
4606.51961968879  2.526925E-17
4608.48030229441  3.410891E-17
4610.44098490004  2.017539E-17
4612.40166750567  3.100615E-17
4614.3623501113  4.175863E-17
4616.32303271693  2.285137E-17
4618.28371532256  1.854320E-17
4620.24439792818  2.651118E-18
4622.20508053381  2.301661E-17
4624.16576313944  4.605744E-17
4626.12644574507  2.629022E-17
4628.0871283507  -1.892882E-18
4630.04781095632  2.166696E-17
4632.00849356195  3.493269E-17
4633.96917616758  4.336559E-17
4635.92985877321  2.265651E-17
4637.89054137884  3.920202E-17
4639.85122398447  3.248487E-17
4641.81190659009  3.208332E-17
4643.77258919572  4.044328E-17
4645.73327180135  5.236830E-17
4647.69395440698  4.220885E-17
4649.65463701261  4.265484E-17
4651.61531961823  1.520985E-17
4653.57600222386  2.136362E-17
4655.53668482949  4.588295E-17
4657.49736743512  3.867697E-17
4659.45805004075  5.944897E-17
4661.41873264638  5.935517E-17
4663.37941525201  5.480263E-17
4665.34009785763  3.866121E-17
4667.30078046326  2.875598E-17
4669.26146306889  2.157188E-17
4671.22214567452  2.261951E-17
4673.18282828015  3.469360E-17
4675.14351088577  6.089549E-17
4677.1041934914  5.045654E-17
4679.06487609703  4.011555E-17
4681.02555870266  2.380273E-17
4682.98624130829  3.001547E-17
4684.94692391392  5.085080E-17
4686.90760651954  3.012539E-17
4688.86828912517  4.038194E-17
4690.8289717308  3.733340E-17
4692.78965433643  4.638026E-17
4694.75033694206  2.394252E-17
4696.71101954768  2.693562E-17
4698.67170215331  3.216885E-17
4700.63238475894  4.633369E-17
4702.59306736457  3.850694E-17
4704.5537499702  3.225764E-17
4706.51443257583  3.695096E-17
4708.47511518145  4.760809E-17
4710.43579778708  4.430613E-17
4712.39648039271  4.480068E-17
4714.35716299834  2.962117E-17
4716.31784560397  4.697663E-17
4718.2785282096  4.877601E-17
4720.23921081522  4.787036E-17
4722.19989342085  3.141165E-17
4724.16057602648  1.023005E-17
4726.12125863211  3.764254E-17
4728.08194123774  3.776964E-17
4730.04262384336  5.893645E-17
4732.00330644899  5.718354E-17
4733.96398905462  3.598261E-17
4735.92467166025  6.091242E-17
4737.88535426588  4.486003E-17
4739.84603687151  1.697312E-17
4741.80671947713  2.169611E-17
4743.76740208276  4.180573E-17
4745.72808468839  4.284583E-17
4747.68876729402  2.484539E-17
4749.64944989965  6.175985E-17
4751.61013250528  3.258830E-17
4753.5708151109  2.457791E-17
4755.53149771653  5.146511E-17
4757.49218032216  5.411446E-17
4759.45286292779  2.661134E-17
4761.41354553342  3.136471E-17
4763.37422813904  4.447078E-17
4765.33491074467  3.119275E-17
4767.2955933503  1.617012E-17
4769.25627595593  3.646245E-17
4771.21695856156  4.638491E-17
4773.17764116719  5.897048E-17
4775.13832377282  6.974536E-17
4777.09900637844  5.815678E-17
4779.05968898407  3.248806E-17
4781.0203715897  1.687651E-17
4782.98105419533  3.719288E-17
4784.94173680096  3.790689E-17
4786.90241940658  5.225165E-17
4788.86310201221  6.627999E-17
4790.82378461784  4.782134E-17
4792.78446722347  3.181289E-17
4794.7451498291  5.415447E-17
4796.70583243473  5.944109E-17
4798.66651504035  3.856619E-17
4800.62719764598  4.890667E-17
4802.58788025161  5.507789E-17
4804.54856285724  3.569389E-17
4806.50924546287  3.177360E-17
4808.46992806849  3.521422E-17
4810.43061067412  4.962671E-17
4812.39129327975  4.997255E-17
4814.35197588538  3.614054E-17
4816.31265849101  3.854227E-17
4818.27334109664  3.833598E-17
4820.23402370226  4.051041E-17
4822.19470630789  4.830693E-17
4824.15538891352  5.135454E-17
4826.11607151915  4.078783E-17
4828.07675412478  4.215717E-17
4830.03743673041  2.898784E-17
4831.99811933603  3.980122E-17
4833.95880194166  5.203054E-17
4835.91948454729  6.826730E-17
4837.88016715292  5.673343E-17
4839.84084975855  5.550136E-17
4841.80153236417  6.205457E-17
4843.7622149698  6.121922E-17
4845.72289757543  4.516742E-17
4847.68358018106  5.191519E-17
4849.64426278669  4.918909E-17
4851.60494539232  3.468560E-17
4853.56562799795  4.473294E-17
4855.52631060357  4.304080E-17
4857.4869932092  3.839124E-17
4859.44767581483  5.362214E-17
4861.40835842046  5.172446E-17
4863.36904102609  4.677338E-17
4865.32972363171  2.553749E-17
4867.29040623734  4.026212E-17
4869.25108884297  5.009642E-17
4871.2117714486  4.306123E-17
4873.17245405423  4.561747E-17
4875.13313665986  5.489132E-17
4877.09381926548  6.586559E-17
4879.05450187111  5.549793E-17
4881.01518447674  4.246621E-17
4882.97586708237  5.036572E-17
4884.936549688  6.154925E-17
4886.89723229362  5.813372E-17
4888.85791489925  5.218068E-17
4890.81859750488  4.675880E-17
4892.77928011051  5.074799E-17
4894.73996271614  5.990380E-17
4896.70064532177  2.961220E-17
4898.66132792739  3.180966E-17
4900.62201053302  4.800609E-17
4902.58269313865  4.657276E-17
4904.54337574428  5.165031E-17
4906.50405834991  5.448472E-17
4908.46474095554  6.552724E-17
4910.42542356116  4.607834E-17
4912.38610616679  2.637411E-17
4914.34678877242  5.136935E-17
4916.30747137805  5.319550E-17
4918.26815398368  4.362218E-17
4920.2288365893  4.278981E-17
4922.18951919493  4.653494E-17
4924.15020180056  6.956831E-17
4926.11088440619  7.472741E-17
4928.07156701182  6.145386E-17
4930.03224961745  5.473604E-17
4931.99293222308  7.213510E-17
4933.9536148287  6.589918E-17
4935.91429743433  6.043049E-17
4937.87498003996  2.904279E-17
4939.83566264559  5.579963E-17
4941.79634525122  5.298732E-17
4943.75702785684  5.538735E-17
4945.71771046247  5.586037E-17
4947.6783930681  6.187206E-17
4949.63907567373  3.429828E-17
4951.59975827936  4.314648E-17
4953.56044088499  4.302401E-17
4955.52112349061  3.860420E-17
4957.48180609624  4.943045E-17
4959.44248870187  4.346447E-17
4961.4031713075  2.533044E-17
4963.36385391313  5.081946E-17
4965.32453651875  6.177833E-17
4967.28521912438  6.061781E-17
4969.24590173001  4.549548E-17
4971.20658433564  2.887590E-17
4973.16726694127  5.648229E-17
4975.12794954689  4.263139E-17
4977.08863215252  5.513605E-17
4979.04931475815  6.225690E-17
4981.00999736378  7.198196E-17
4982.97067996941  6.416679E-17
4984.93136257504  3.173445E-17
4986.89204518066  5.489353E-17
4988.85272778629  6.207634E-17
4990.81341039192  6.789289E-17
4992.77409299755  5.449349E-17
4994.73477560318  3.938224E-17
4996.69545820881  3.488988E-17
4998.65614081443  5.551222E-17
5000.61682342006  4.989969E-17
5002.57750602569  5.141848E-17
5004.53818863132  3.954409E-17
5006.49887123695  5.038289E-17
5008.45955384258  5.821822E-17
5010.42023644821  6.334883E-17
5012.38091905383  6.640161E-17
5014.34160165946  7.598609E-17
5016.30228426509  5.200696E-17
5018.26296687072  3.715287E-17
5020.22364947635  4.330727E-17
5022.18433208197  5.456871E-17
5024.1450146876  5.155213E-17
5026.10569729323  4.936450E-17
5028.06637989886  5.785652E-17
5030.02706250449  6.616814E-17
5031.98774511012  5.923313E-17
5033.94842771574  4.585818E-17
5035.90911032137  5.591026E-17
5037.869792927  4.547687E-17
5039.83047553263  7.094634E-17
5041.79115813826  6.651116E-17
5043.75184074388  1.853388E-17
5045.71252334951  2.142370E-17
5047.67320595514  6.705695E-17
5049.63388856077  6.314406E-17
5051.5945711664  6.393535E-17
5053.55525377203  5.871464E-17
5055.51593637765  6.015107E-17
5057.47661898328  7.016254E-17
5059.43730158891  6.204526E-17
5061.39798419454  5.769266E-17
5063.35866680017  5.580154E-17
5065.31934940579  5.610773E-17
5067.28003201142  7.006575E-17
5069.24071461705  8.146602E-17
5071.20139722268  6.727200E-17
5073.16207982831  4.467715E-17
5075.12276243394  5.998258E-17
5077.08344503956  6.386204E-17
5079.04412764519  5.756534E-17
5081.00481025082  6.135221E-17
5082.96549285645  6.315319E-17
5084.92617546208  7.582419E-17
5086.88685806771  7.368849E-17
5088.84754067333  5.950689E-17
5090.80822327896  5.623437E-17
5092.76890588459  5.966907E-17
5094.72958849022  5.339890E-17
5096.69027109585  7.325867E-17
5098.65095370147  6.351402E-17
5100.6116363071  5.725030E-17
5102.57231891273  6.077749E-17
5104.53300151836  6.790504E-17
5106.49368412399  5.151904E-17
5108.45436672962  6.544006E-17
5110.41504933524  8.231908E-17
5112.37573194087  8.039050E-17
5114.3364145465  6.589558E-17
5116.29709715213  7.949706E-17
5118.25777975776  7.183573E-17
5120.21846236339  6.171855E-17
5122.17914496901  5.819081E-17
5124.13982757464  6.788309E-17
5126.10051018027  6.893255E-17
5128.0611927859  5.977367E-17
5130.02187539153  6.138420E-17
5131.98255799716  6.718632E-17
5133.94324060278  5.555529E-17
5135.90392320841  5.173395E-17
5137.86460581404  6.833622E-17
5139.82528841967  5.444755E-17
5141.7859710253  5.345045E-17
5143.74665363092  9.908224E-17
5145.70733623655  9.971628E-17
5147.66801884218  6.934992E-17
5149.62870144781  4.837214E-17
5151.58938405344  4.454354E-17
5153.55006665907  5.407016E-17
5155.51074926469  7.524154E-17
5157.47143187032  7.938721E-17
5159.43211447595  7.005864E-17
5161.39279708158  6.856400E-17
5163.35347968721  7.132410E-17
5165.31416229284  6.248447E-17
5167.27484489846  6.354480E-17
5169.23552750409  6.454030E-17
5171.19621010972  6.320236E-17
5173.15689271535  4.807384E-17
5175.11757532098  6.864571E-17
5177.0782579266  8.946408E-17
5179.03894053223  7.297710E-17
5180.99962313786  6.123292E-17
5182.96030574349  6.394536E-17
5184.92098834912  6.782234E-17
5186.88167095475  7.208841E-17
5188.84235356037  7.785026E-17
5190.803036166  6.226992E-17
5192.76371877163  4.992593E-17
5194.72440137726  6.164357E-17
5196.68508398289  9.140382E-17
5198.64576658852  7.938011E-17
5200.60644919414  6.111412E-17
5202.56713179977  7.075508E-17
5204.5278144054  8.887009E-17
5206.48849701103  7.070477E-17
5208.44917961666  6.163095E-17
5210.40986222228  5.720918E-17
5212.37054482791  6.421181E-17
5214.33122743354  7.298227E-17
5216.29191003917  8.281958E-17
5218.2525926448  5.877710E-17
5220.21327525043  7.513802E-17
5222.17395785605  7.225071E-17
5224.13464046168  6.005699E-17
5226.09532306731  5.546210E-17
5228.05600567294  6.191441E-17
5230.01668827857  7.310544E-17
5231.9773708842  5.883285E-17
5233.93805348982  4.558884E-17
5235.89873609545  6.699249E-17
5237.85941870108  7.108795E-17
5239.82010130671  6.591178E-17
5241.78078391234  6.067464E-17
5243.74146651797  6.262103E-17
5245.70214912359  7.846735E-17
5247.66283172922  5.903358E-17
5249.62351433485  6.388226E-17
5251.58419694048  5.906725E-17
5253.54487954611  6.305427E-17
5255.50556215173  6.808437E-17
5257.46624475736  7.048933E-17
5259.42692736299  8.041111E-17
5261.38760996862  7.505030E-17
5263.34829257425  7.522087E-17
5265.30897517988  6.838427E-17
5267.2696577855  6.764737E-17
5269.23034039113  6.826940E-17
5271.19102299676  8.437383E-17
5273.15170560239  6.273837E-17
5275.11238820802  6.571546E-17
5277.07307081365  7.977112E-17
5279.03375341927  7.863862E-17
5280.9944360249  7.864812E-17
5282.95511863053  7.441834E-17
5284.91580123616  6.136727E-17
5286.87648384179  6.866852E-17
5288.83716644742  9.580821E-17
5290.79784905304  7.420840E-17
5292.75853165867  6.660086E-17
5294.7192142643  5.468920E-17
5296.67989686993  6.610158E-17
5298.64057947556  6.068090E-17
5300.60126208118  7.890879E-17
5302.56194468681  6.277155E-17
5304.52262729244  5.742853E-17
5306.48330989807  6.885096E-17
5308.4439925037  6.448617E-17
5310.40467510932  6.377975E-17
5312.36535771495  5.913248E-17
5314.32604032058  6.127002E-17
5316.28672292621  8.413239E-17
5318.24740553184  7.066550E-17
5320.20808813747  6.832808E-17
5322.1687707431  5.773459E-17
5324.12945334872  8.038593E-17
5326.09013595435  7.676757E-17
5328.05081855998  7.809537E-17
5330.01150116561  8.200397E-17
5331.97218377124  6.298541E-17
5333.93286637687  5.090518E-17
5335.89354898249  6.924313E-17
5337.85423158812  6.690836E-17
5339.81491419375  7.265234E-17
5341.77559679938  7.239422E-17
5343.73627940501  8.601780E-17
5345.69696201063  7.603851E-17
5347.65764461626  8.362036E-17
5349.61832722189  7.387795E-17
5351.57900982752  6.619196E-17
5353.53969243315  5.410339E-17
5355.50037503878  6.860618E-17
5357.4610576444  7.583012E-17
5359.42174025003  5.799044E-17
5361.38242285566  6.192561E-17
5363.34310546129  7.222706E-17
5365.30378806692  7.337743E-17
5367.26447067254  7.884093E-17
5369.22515327817  5.938753E-17
5371.1858358838  5.815080E-17
5373.14651848943  6.364122E-17
5375.10720109506  6.640984E-17
5377.06788370069  7.493368E-17
5379.02856630631  7.792149E-17
5380.98924891194  8.082740E-17
5382.94993151757  7.749660E-17
5384.9106141232  7.767487E-17
5386.87129672883  7.656750E-17
5388.83197933445  6.412917E-17
5390.79266194009  7.979250E-17
5392.75334454571  6.435140E-17
5394.71402715134  8.205651E-17
5396.67470975697  8.532693E-17
5398.6353923626  6.387133E-17
5400.59607496823  5.066376E-17
5402.55675757385  8.158046E-17
5404.51744017948  8.915506E-17
5406.47812278511  7.593672E-17
5408.43880539074  7.119057E-17
5410.39948799637  5.849921E-17
5412.36017060199  5.641192E-17
5414.32085320762  6.694747E-17
5416.28153581325  6.696055E-17
5418.24221841888  6.821122E-17
5420.20290102451  7.392892E-17
5422.16358363014  6.580511E-17
5424.12426623576  5.152699E-17
5426.08494884139  6.408321E-17
5428.04563144702  6.340056E-17
5430.00631405265  6.722673E-17
5431.96699665828  6.846690E-17
5433.9276792639  8.015103E-17
5435.88836186953  6.845611E-17
5437.84904447516  6.235722E-17
5439.80972708079  7.774753E-17
5441.77040968642  8.066002E-17
5443.73109229205  6.898154E-17
5445.69177489767  7.287190E-17
5447.6524575033  7.057185E-17
5449.61314010893  6.838540E-17
5451.57382271456  6.769814E-17
5453.53450532019  6.039885E-17
5455.49518792581  7.501684E-17
5457.45587053144  7.825499E-17
5459.41655313707  8.168550E-17
5461.3772357427  6.171305E-17
5463.33791834833  7.310867E-17
5465.29860095396  5.393808E-17
5467.25928355959  6.026739E-17
5469.21996616521  6.637967E-17
5471.18064877084  7.482714E-17
5473.14133137647  7.377681E-17
5475.1020139821  7.092080E-17
5477.06269658772  8.310604E-17
5479.02337919335  7.583410E-17
5480.98406179898  7.312625E-17
5482.94474440461  5.387469E-17
5484.90542701024  8.893902E-17
5486.86610961587  8.735138E-17
5488.8267922215  7.785474E-17
5490.78747482712  6.584937E-17
5492.74815743275  7.068751E-17
5494.70884003838  7.938076E-17
5496.66952264401  7.806848E-17
5498.63020524964  9.037304E-17
5500.59088785527  8.830594E-17
5502.55157046089  6.783337E-17
5504.51225306652  7.083858E-17
5506.47293567215  8.453310E-17
5508.43361827778  7.769291E-17
5510.39430088341  5.406027E-17
5512.35498348903  6.104167E-17
5514.31566609466  7.645591E-17
5516.27634870029  6.260405E-17
5518.23703130592  7.191701E-17
5520.19771391155  6.909321E-17
5522.15839651718  7.540553E-17
5524.11907912281  6.674163E-17
5526.07976172843  7.000821E-17
5528.04044433406  5.359181E-17
5530.00112693969  6.622163E-17
5531.96180954532  7.322822E-17
5533.92249215094  6.944028E-17
5535.88317475657  5.405059E-17
5537.8438573622  6.257929E-17
5539.80453996783  8.599458E-17
5541.76522257346  7.594564E-17
5543.72590517909  6.110498E-17
5545.68658778471  5.841809E-17
5547.64727039034  5.286774E-17
5549.60795299597  6.537907E-17
5551.5686356016  7.896578E-17
5553.52931820723  7.318446E-17
5555.49000081286  7.840083E-17
5557.45068341848  6.032022E-17
5559.41136602411  7.113907E-17
5561.37204862974  8.546103E-17
5563.33273123537  6.904797E-17
5565.293413841  8.685180E-17
5567.25409644663  8.939287E-17
5569.21477905225  8.339047E-17
5571.17546165788  7.369086E-17
5573.13614426351  7.967174E-17
5575.09682686914  7.968876E-17
5577.05750947477  7.607196E-17
5579.0181920804  7.555487E-17
5580.97887468602  8.736498E-17
5582.93955729165  6.101351E-17
5584.90023989728  6.096320E-17
5586.86092250291  6.383189E-17
5588.82160510854  6.936678E-17
5590.78228771416  7.491994E-17
5592.74297031979  7.959434E-17
5594.70365292542  7.155353E-17
5596.66433553105  7.972932E-17
5598.62501813668  8.058019E-17
5600.58570074231  7.722947E-17
5602.54638334793  8.009297E-17
5604.50706595356  8.463844E-17
5606.46774855919  8.208030E-17
5608.42843116482  7.191801E-17
5610.38911377045  6.610765E-17
5612.34979637608  7.810361E-17
5614.3104789817  8.384194E-17
5616.27116158733  8.281536E-17
5618.23184419296  7.723342E-17
5620.19252679859  8.211221E-17
5622.15320940422  7.989147E-17
5624.11389200984  7.160394E-17
5626.07457461547  7.822483E-17
5628.0352572211  8.728035E-17
5629.99593982673  8.495740E-17
5631.95662243236  6.943488E-17
5633.91730503798  6.741914E-17
5635.87798764361  7.225489E-17
5637.83867024924  8.367212E-17
5639.79935285487  9.100020E-17
5641.7600354605  7.592568E-17
5643.72071806613  8.832046E-17
5645.68140067175  9.092321E-17
5647.64208327738  9.027434E-17
5649.60276588301  6.884583E-17
5651.56344848864  7.901800E-17
5653.52413109427  8.493191E-17
5655.4848136999  8.994076E-17
5657.44549630553  8.638601E-17
5659.40617891115  7.703997E-17
5661.36686151678  6.860578E-17
5663.32754412241  7.205032E-17
5665.28822672804  8.380770E-17
5667.24890933367  9.005955E-17
5669.20959193929  8.722265E-17
5671.17027454492  8.612379E-17
5673.13095715055  8.977863E-17
5675.09163975618  8.158324E-17
5677.05232236181  7.975882E-17
5679.01300496744  7.930593E-17
5680.97368757306  7.802771E-17
5682.93437017869  7.538231E-17
5684.89505278432  8.005195E-17
5686.85573538995  8.209200E-17
5688.81641799558  7.954116E-17
5690.7771006012  6.996162E-17
5692.73778320683  7.966113E-17
5694.69846581246  6.796415E-17
5696.65914841809  7.368622E-17
5698.61983102372  8.326927E-17
5700.58051362935  8.285319E-17
5702.54119623497  8.106228E-17
5704.5018788406  1.014769E-16
5706.46256144623  8.857142E-17
5708.42324405186  8.759853E-17
5710.38392665749  9.567086E-17
5712.34460926311  8.190096E-17
5714.30529186874  8.183796E-17
5716.26597447437  7.887778E-17
5718.22665708  8.503711E-17
5720.18733968563  9.121550E-17
5722.14802229126  9.298197E-17
5724.10870489688  1.080004E-16
5726.06938750251  9.922920E-17
5728.03007010814  8.314089E-17
5729.99075271377  7.046214E-17
5731.9514353194  9.376571E-17
5733.91211792503  7.081485E-17
5735.87280053065  7.792091E-17
5737.83348313628  8.636482E-17
5739.79416574191  9.606228E-17
5741.75484834754  8.576104E-17
5743.71553095317  7.782583E-17
5745.6762135588  7.443293E-17
5747.63689616442  7.053354E-17
5749.59757877005  7.301034E-17
5751.55826137568  7.004227E-17
5753.51894398131  1.000112E-16
5755.47962658694  1.139767E-16
5757.44030919256  9.760647E-17
5759.40099179819  6.811349E-17
5761.36167440382  7.720216E-17
5763.32235700945  8.585090E-17
5765.28303961508  8.278670E-17
5767.24372222071  8.778062E-17
5769.20440482633  8.686798E-17
5771.16508743196  7.604597E-17
5773.12577003759  9.114376E-17
5775.08645264322  9.953669E-17
5777.04713524885  7.692530E-17
5779.00781785448  7.267842E-17
5780.9685004601  9.225523E-17
5782.92918306573  9.405138E-17
5784.88986567136  8.425775E-17
5786.85054827699  9.234611E-17
5788.81123088262  8.943101E-17
5790.77191348824  7.000696E-17
5792.73259609387  7.819340E-17
5794.6932786995  7.815221E-17
5796.65396130513  7.207925E-17
5798.61464391076  8.134876E-17
5800.57532651639  9.456908E-17
5802.53600912201  7.801339E-17
5804.49669172764  7.558131E-17
5806.45737433327  8.317323E-17
5808.4180569389  8.761244E-17
5810.37873954453  7.441415E-17
5812.33942215016  7.795394E-17
5814.30010475578  8.652902E-17
5816.26078736141  7.440859E-17
5818.22146996704  6.410910E-17
5820.18215257267  6.950175E-17
5822.1428351783  7.727747E-17
5824.10351778393  8.592927E-17
5826.06420038955  1.037479E-16
5828.02488299518  9.173723E-17
5829.98556560081  8.169930E-17
5831.94624820644  6.908511E-17
5833.90693081207  7.391485E-17
5835.86761341769  7.834748E-17
5837.82829602332  8.256429E-17
5839.78897862895  7.688418E-17
5841.74966123458  6.025642E-17
5843.71034384021  3.927820E-17
5845.67102644584  6.034480E-17
5847.63170905146  8.469719E-17
5849.59239165709  6.670731E-17
5851.55307426272  6.629084E-17
5853.51375686835  7.636784E-17
5855.47443947398  7.497939E-17
5857.43512207961  7.762477E-17
5859.39580468523  7.556732E-17
5861.35648729086  7.883442E-17
5863.31716989649  9.534275E-17
5865.27785250212  8.645808E-17
5867.23853510775  8.469005E-17
5869.19921771337  1.044734E-16
5871.159900319  1.146136E-16
5873.12058292463  9.440715E-17
5875.08126553026  8.049035E-17
5877.04194813589  7.583385E-17
5879.00263074152  9.084068E-17
5880.96331334714  8.786854E-17
5882.92399595277  7.672717E-17
5884.8846785584  8.728749E-17
5886.84536116403  8.909411E-17
5888.80604376966  1.003170E-16
5890.76672637529  8.505087E-17
5892.72740898091  8.019861E-17
5894.68809158654  8.500574E-17
5896.64877419217  8.494983E-17
5898.6094567978  9.305232E-17
5900.57013940343  1.064649E-16
5902.53082200905  1.070006E-16
5904.49150461468  1.047105E-16
5906.45218722031  8.781028E-17
5908.41286982594  1.007881E-16
5910.37355243157  9.726918E-17
5912.33423503719  7.345626E-17
5914.29491764282  6.996909E-17
5916.25560024845  7.105124E-17
5918.21628285408  9.791144E-17
5920.17696545971  9.846806E-17
5922.13764806534  8.297451E-17
5924.09833067097  9.286230E-17
5926.05901327659  8.695227E-17
5928.01969588222  9.369741E-17
5929.98037848785  9.018071E-17
5931.94106109348  7.668538E-17
5933.90174369911  7.991344E-17
5935.86242630474  9.162641E-17
5937.82310891036  8.598881E-17
5939.78379151599  9.176693E-17
5941.74447412162  9.231297E-17
5943.70515672725  8.745224E-17
5945.66583933288  9.764146E-17
5947.62652193851  1.066248E-16
5949.58720454413  1.005190E-16
5951.54788714976  9.116968E-17
5953.50856975539  8.047812E-17
5955.46925236102  8.063482E-17
5957.42993496665  9.452608E-17
5959.39061757227  1.050125E-16
5961.3513001779  9.253482E-17
5963.31198278353  8.434943E-17
5965.27266538916  8.717633E-17
5967.23334799479  8.921029E-17
5969.19403060041  8.489180E-17
5971.15471320604  9.365618E-17
5973.11539581167  1.028004E-16
5975.0760784173  1.050554E-16
5977.03676102293  8.326959E-17
5978.99744362856  9.194971E-17
5980.95812623418  9.626753E-17
5982.91880883981  9.034025E-17
5984.87949144544  7.708149E-17
5986.84017405107  8.958817E-17
5988.8008566567  1.013655E-16
5990.76153926232  9.489407E-17
5992.72222186796  9.717931E-17
5994.68290447358  9.130975E-17
5996.64358707921  8.933218E-17
5998.60426968484  9.065602E-17
6000.56495229047  9.111749E-17
6002.52563489609  8.517452E-17
6004.48631750172  9.460620E-17
6006.44700010735  1.020349E-16
6008.40768271298  8.533610E-17
6010.36836531861  8.996082E-17
6012.32904792424  8.571400E-17
6014.28973052987  9.833157E-17
6016.25041313549  9.403117E-17
6018.21109574112  8.012514E-17
6020.17177834675  9.946661E-17
6022.13246095238  9.557607E-17
6024.09314355801  8.748604E-17
6026.05382616363  9.959435E-17
6028.01450876926  9.697604E-17
6029.97519137489  9.500014E-17
6031.93587398052  7.971409E-17
6033.89655658615  8.860966E-17
6035.85723919178  9.533851E-17
6037.8179217974  1.009777E-16
6039.77860440303  9.903452E-17
6041.73928700866  9.887949E-17
6043.69996961429  1.016963E-16
6045.66065221992  9.991508E-17
6047.62133482554  9.580011E-17
6049.58201743117  8.332624E-17
6051.5427000368  9.546685E-17
6053.50338264243  1.156905E-16
6055.46406524806  1.017013E-16
6057.42474785369  1.071681E-16
6059.38543045931  9.261751E-17
6061.34611306494  8.163651E-17
6063.30679567057  1.000448E-16
6065.2674782762  1.050190E-16
6067.22816088183  9.430257E-17
6069.18884348745  8.502057E-17
6071.14952609308  8.072552E-17
6073.11020869871  8.955966E-17
6075.07089130434  9.499956E-17
6077.03157390997  9.140136E-17
6078.9922565156  9.260340E-17
6080.95293912123  8.384835E-17
6082.91362172685  8.703573E-17
6084.87430433248  8.320385E-17
6086.83498693811  8.730958E-17
6088.79566954374  1.001434E-16
6090.75635214937  1.062293E-16
6092.71703475499  1.011537E-16
6094.67771736062  9.936728E-17
6096.63839996625  1.006679E-16
6098.59908257188  9.448565E-17
6100.55976517751  1.001684E-16
6102.52044778313  1.127246E-16
6104.48113038876  1.006794E-16
6106.44181299439  9.802935E-17
6108.40249560002  1.074074E-16
6110.36317820565  8.897133E-17
6112.32386081128  9.287769E-17
6114.28454341691  1.095792E-16
6116.24522602253  1.003914E-16
6118.20590862816  1.039779E-16
6120.16659123379  1.093892E-16
6122.12727383942  1.030922E-16
6124.08795644505  1.001889E-16
6126.04863905067  9.894680E-17
6128.0093216563  1.031505E-16
6129.97000426193  1.053484E-16
6131.93068686756  1.052027E-16
6133.89136947319  1.050501E-16
6135.85205207882  9.958832E-17
6137.81273468444  1.038823E-16
6139.77341729007  9.769995E-17
6141.7340998957  9.896657E-17
6143.69478250133  1.031095E-16
6145.65546510696  8.697439E-17
6147.61614771258  9.360328E-17
6149.57683031821  1.098044E-16
6151.53751292384  1.088638E-16
6153.49819552947  9.710090E-17
6155.4588781351  9.624088E-17
6157.41956074073  1.124676E-16
6159.38024334635  1.070229E-16
6161.34092595198  9.891286E-17
6163.30160855761  1.020077E-16
6165.26229116324  1.109115E-16
6167.22297376887  1.088623E-16
6169.1836563745  9.385346E-17
6171.14433898012  1.030423E-16
6173.10502158575  1.126647E-16
6175.06570419138  1.079789E-16
6177.02638679701  1.183207E-16
6178.98706940264  1.163597E-16
6180.94775200827  1.151916E-16
6182.90843461389  1.142483E-16
6184.86911721952  1.148579E-16
6186.82979982515  1.114061E-16
6188.79048243078  9.807109E-17
6190.75116503641  1.024027E-16
6192.71184764204  1.019828E-16
6194.67253024766  1.061585E-16
6196.63321285329  1.184277E-16
6198.59389545892  1.165420E-16
6200.55457806455  1.141851E-16
6202.51526067018  9.778935E-17
6204.4759432758  9.961808E-17
6206.43662588143  1.236791E-16
6208.39730848706  1.071806E-16
6210.35799109269  1.023372E-16
6212.31867369832  1.031548E-16
6214.27935630395  8.894203E-17
6216.24003890957  9.805567E-17
6218.2007215152  1.183396E-16
6220.16140412083  1.012789E-16
6222.12208672646  1.061207E-16
6224.08276933209  9.663258E-17
6226.04345193772  9.277169E-17
6228.00413454334  9.020898E-17
6229.96481714897  8.817915E-17
6231.9254997546  9.810819E-17
6233.88618236023  9.040996E-17
6235.84686496586  9.294270E-17
6237.80754757148  1.091755E-16
6239.76823017711  1.184621E-16
6241.72891278274  1.122882E-16
6243.68959538837  1.047065E-16
6245.650277994  1.211263E-16
6247.61096059962  1.341391E-16
6249.57164320525  1.070956E-16
6251.53232581088  7.464347E-17
6253.49300841651  7.731591E-17
6255.45369102214  8.673089E-17
6257.41437362777  1.147467E-16
6259.37505623339  1.105996E-16
6261.33573883902  1.092188E-16
6263.29642144465  1.035854E-16
6265.25710405028  1.091338E-16
6267.21778665591  1.109754E-16
6269.17846926153  1.257530E-16
6271.13915186717  1.257482E-16
6273.09983447279  1.220941E-16
6275.06051707842  1.126903E-16
6277.02119968405  1.051527E-16
6278.98188228968  9.285466E-17
6280.94256489531  1.034017E-16
6282.90324750093  1.049151E-16
6284.86393010656  9.907482E-17
6286.82461271219  1.024016E-16
6288.78529531782  1.071224E-16
6290.74597792345  9.904215E-17
6292.70666052908  1.073082E-16
6294.6673431347  1.122681E-16
6296.62802574033  1.149252E-16
6298.58870834596  9.113361E-17
6300.54939095159  1.079801E-16
6302.51007355722  1.152417E-16
6304.47075616284  1.002656E-16
6306.43143876847  1.113347E-16
6308.3921213741  9.298465E-17
6310.35280397973  1.145004E-16
6312.31348658536  1.235144E-16
6314.27416919099  9.539650E-17
6316.23485179661  1.010457E-16
6318.19553440224  1.092474E-16
6320.15621700787  1.128464E-16
6322.1168996135  1.309188E-16
6324.07758221913  9.934309E-17
6326.03826482475  9.881020E-17
6327.99894743038  1.149709E-16
6329.95963003601  1.123540E-16
6331.92031264164  9.160657E-17
6333.88099524727  1.039655E-16
6335.8416778529  1.032261E-16
6337.80236045852  1.093601E-16
6339.76304306415  1.123377E-16
6341.72372566978  1.201992E-16
6343.68440827541  1.117047E-16
6345.64509088104  1.156878E-16
6347.60577348666  1.077941E-16
6349.5664560923  9.604119E-17
6351.52713869792  8.944430E-17
6353.48782130355  9.158239E-17
6355.44850390918  1.017942E-16
6357.40918651481  1.150145E-16
6359.36986912044  1.057250E-16
6361.33055172606  1.155215E-16
6363.29123433169  1.062109E-16
6365.25191693732  1.076677E-16
6367.21259954295  1.254199E-16
6369.17328214858  1.021094E-16
6371.13396475421  1.043053E-16
6373.09464735983  1.112609E-16
6375.05532996546  9.632140E-17
6377.01601257109  1.133290E-16
6378.97669517672  1.125474E-16
6380.93737778235  1.061372E-16
6382.89806038797  1.108621E-16
6384.8587429936  9.877464E-17
6386.81942559923  1.038649E-16
6388.78010820486  1.209287E-16
6390.74079081049  1.183344E-16
6392.70147341612  1.009150E-16
6394.66215602174  1.057859E-16
6396.62283862737  1.094820E-16
6398.583521233  1.170726E-16
6400.54420383863  1.149538E-16
6402.50488644426  1.111336E-16
6404.46556904988  1.001502E-16
6406.42625165551  1.001472E-16
6408.38693426114  9.422281E-17
6410.34761686677  1.111441E-16
6412.3082994724  1.181258E-16
6414.26898207803  1.235529E-16
6416.22966468365  1.287253E-16
6418.19034728928  1.204711E-16
6420.15102989491  1.098879E-16
6422.11171250054  1.134627E-16
6424.07239510617  1.039922E-16
6426.0330777118  1.283716E-16
6427.99376031743  1.196344E-16
6429.95444292305  1.075876E-16
6431.91512552868  1.111559E-16
6433.87580813431  1.135831E-16
6435.83649073994  1.140355E-16
6437.79717334557  1.094726E-16
6439.75785595119  1.124886E-16
6441.71853855682  1.090051E-16
6443.67922116245  1.068214E-16
6445.63990376808  1.039485E-16
6447.60058637371  1.021814E-16
6449.56126897934  1.094210E-16
6451.52195158496  1.114195E-16
6453.48263419059  1.035601E-16
6455.44331679622  1.217341E-16
6457.40399940185  1.214708E-16
6459.36468200748  1.089835E-16
6461.3253646131  1.136281E-16
6463.28604721873  1.203834E-16
6465.24672982436  1.118161E-16
6467.20741242999  1.152056E-16
6469.16809503562  1.130751E-16
6471.12877764125  9.462220E-17
6473.08946024687  1.065024E-16
6475.0501428525  1.129202E-16
6477.01082545813  1.130237E-16
6478.97150806376  1.222701E-16
6480.93219066939  1.138404E-16
6482.89287327501  1.098542E-16
6484.85355588064  1.014559E-16
6486.81423848627  1.172567E-16
6488.7749210919  1.015841E-16
6490.73560369753  1.053241E-16
6492.69628630316  1.005833E-16
6494.65696890878  1.305457E-16
6496.61765151441  9.824700E-17
6498.57833412004  1.081568E-16
6500.53901672567  1.047183E-16
6502.4996993313  1.072158E-16
6504.46038193693  1.198107E-16
6506.42106454255  1.258883E-16
6508.38174714818  1.229655E-16
6510.34242975381  1.222491E-16
6512.30311235944  1.092230E-16
6514.26379496507  1.172661E-16
6516.22447757069  1.201907E-16
6518.18516017632  1.237589E-16
6520.14584278195  1.280189E-16
6522.10652538758  1.177631E-16
6524.06720799321  1.084752E-16
6526.02789059884  1.204872E-16
6527.98857320446  1.133402E-16
6529.94925581009  1.203493E-16
6531.90993841572  1.180642E-16
6533.87062102135  1.168151E-16
6535.83130362698  1.138897E-16
6537.79198623261  1.308156E-16
6539.75266883823  1.291265E-16
6541.71335144386  9.664072E-17
6543.67403404949  8.904245E-17
6545.63471665512  9.945070E-17
6547.59539926075  1.142300E-16
6549.55608186637  1.288148E-16
6551.516764472  1.208801E-16
6553.47744707763  1.104581E-16
6555.43812968326  1.144125E-16
6557.39881228889  1.170144E-16
6559.35949489452  1.146591E-16
6561.32017750015  1.213672E-16
6563.28086010577  1.284189E-16
6565.2415427114  1.209401E-16
6567.20222531703  1.119177E-16
6569.16290792266  1.138638E-16
6571.12359052829  1.098419E-16
6573.08427313391  1.315297E-16
6575.04495573954  1.298704E-16
6577.00563834517  1.213883E-16
6578.9663209508  1.132717E-16
6580.92700355643  1.027985E-16
6582.88768616206  1.073492E-16
6584.84836876768  1.114048E-16
6586.80905137331  1.152759E-16
6588.76973397894  1.102517E-16
6590.73041658457  9.736732E-17
6592.6910991902  1.093132E-16
6594.65178179582  1.196525E-16
6596.61246440145  1.110964E-16
6598.57314700708  1.167360E-16
6600.53382961271  1.157535E-16
6602.49451221834  1.077490E-16
6604.45519482397  1.125797E-16
6606.41587742959  1.194447E-16
6608.37656003522  1.212415E-16
6610.33724264085  1.255551E-16
6612.29792524648  1.197470E-16
6614.25860785211  1.082510E-16
6616.21929045774  1.113882E-16
6618.17997306336  1.126824E-16
6620.14065566899  1.109683E-16
6622.10133827462  1.132041E-16
6624.06202088025  1.158434E-16
6626.02270348588  1.071459E-16
6627.9833860915  1.277171E-16
6629.94406869713  1.299641E-16
6631.90475130276  1.204537E-16
6633.86543390839  1.081451E-16
6635.82611651402  1.201312E-16
6637.78679911965  1.160634E-16
6639.74748172527  1.154132E-16
6641.7081643309  1.126805E-16
6643.66884693653  1.241655E-16
6645.62952954216  1.121338E-16
6647.59021214779  1.169903E-16
6649.55089475342  1.291432E-16
6651.51157735904  1.250659E-16
6653.47225996467  1.200882E-16
6655.4329425703  1.196495E-16
6657.39362517593  1.261581E-16
6659.35430778156  1.229644E-16
6661.31499038718  1.059466E-16
6663.27567299281  1.240260E-16
6665.23635559844  1.209397E-16
6667.19703820407  1.251829E-16
6669.1577208097  1.291962E-16
6671.11840341533  1.158126E-16
6673.07908602095  1.032378E-16
6675.03976862658  1.185849E-16
6677.00045123221  1.135431E-16
6678.96113383784  1.096193E-16
6680.92181644347  1.059927E-16
6682.8824990491  1.196379E-16
6684.84318165472  1.247534E-16
6686.80386426035  1.153452E-16
6688.76454686598  1.147848E-16
6690.72522947161  1.250201E-16
6692.68591207724  1.138944E-16
6694.64659468287  1.203625E-16
6696.60727728849  1.242929E-16
6698.56795989412  1.248657E-16
6700.52864249975  1.169381E-16
6702.48932510538  1.195254E-16
6704.45000771101  1.160405E-16
6706.41069031663  1.208948E-16
6708.37137292226  1.196355E-16
6710.33205552789  1.128333E-16
6712.29273813352  9.977084E-17
6714.25342073915  1.223479E-16
6716.21410334478  1.226279E-16
6718.1747859504  1.243473E-16
6720.13546855603  1.304925E-16
6722.09615116166  1.233270E-16
6724.05683376729  1.252587E-16
6726.01751637292  1.205320E-16
6727.97819897855  1.114551E-16
6729.93888158417  1.154468E-16
6731.8995641898  1.129081E-16
6733.86024679543  1.183390E-16
6735.82092940106  1.317158E-16
6737.78161200669  1.294355E-16
6739.74229461231  1.287332E-16
6741.70297721794  1.180585E-16
6743.66365982357  1.205144E-16
6745.6243424292  1.189911E-16
6747.58502503483  1.231481E-16
6749.54570764046  1.170287E-16
6751.50639024608  1.089936E-16
6753.46707285171  1.274703E-16
6755.42775545734  1.197659E-16
6757.38843806297  1.025318E-16
6759.3491206686  1.106818E-16
6761.30980327423  1.216727E-16
6763.27048587985  1.212146E-16
6765.23116848548  1.141089E-16
6767.19185109111  1.217855E-16
6769.15253369674  1.312984E-16
6771.11321630237  1.356868E-16
6773.07389890799  1.221444E-16
6775.03458151362  1.263407E-16
6776.99526411925  1.292067E-16
6778.95594672488  1.206230E-16
6780.91662933051  1.238414E-16
6782.87731193614  1.238111E-16
6784.83799454176  1.188298E-16
6786.79867714739  1.211572E-16
6788.75935975302  1.123736E-16
6790.72004235865  1.096122E-16
6792.68072496428  1.151136E-16
6794.6414075699  1.162695E-16
6796.60209017553  1.292394E-16
6798.56277278116  1.250824E-16
6800.52345538679  1.292869E-16
6802.48413799242  1.189559E-16
6804.44482059805  1.189393E-16
6806.40550320368  1.292003E-16
6808.3661858093  1.257655E-16
6810.32686841493  1.223824E-16
6812.28755102056  1.222240E-16
6814.24823362619  1.262771E-16
6816.20891623182  1.193903E-16
6818.16959883744  1.290316E-16
6820.13028144307  1.358336E-16
6822.0909640487  1.217881E-16
6824.05164665433  1.252145E-16
6826.01232925996  1.329168E-16
6827.97301186559  1.227374E-16
6829.93369447121  1.075063E-16
6831.89437707684  1.117534E-16
6833.85505968247  1.106877E-16
6835.8157422881  1.229606E-16
6837.77642489373  1.308843E-16
6839.73710749936  1.233208E-16
6841.69779010498  1.210146E-16
6843.65847271061  1.099758E-16
6845.61915531624  1.231831E-16
6847.57983792187  1.340380E-16
6849.5405205275  1.376468E-16
6851.50120313312  1.179714E-16
6853.46188573875  1.186460E-16
6855.42256834438  1.228308E-16
6857.38325095001  1.286663E-16
6859.34393355564  1.234533E-16
6861.30461616127  1.209225E-16
6863.26529876689  1.301631E-16
6865.22598137252  1.363935E-16
6867.18666397815  1.245697E-16
6869.14734658378  1.248972E-16
6871.10802918941  1.290896E-16
6873.06871179503  1.203406E-16
6875.02939440066  1.161263E-16
6876.99007700629  1.235494E-16
6878.95075961192  1.251968E-16
6880.91144221755  1.195023E-16
6882.87212482318  1.257085E-16
6884.83280742881  1.150153E-16
6886.79349003443  1.348388E-16
6888.75417264006  1.327931E-16
6890.71485524569  1.180977E-16
6892.67553785132  1.214374E-16
6894.63622045695  1.209555E-16
6896.59690306257  1.246062E-16
6898.5575856682  1.280524E-16
6900.51826827383  1.299452E-16
6902.47895087946  1.171779E-16
6904.43963348509  1.181240E-16
6906.40031609072  1.323200E-16
6908.36099869634  1.373131E-16
6910.32168130197  1.175421E-16
6912.2823639076  1.329542E-16
6914.24304651323  1.304609E-16
6916.20372911886  1.280022E-16
6918.16441172449  1.312115E-16
6920.12509433011  1.323731E-16
6922.08577693574  1.206361E-16
6924.04645954137  1.124139E-16
6926.007142147  1.205626E-16
6927.96782475263  1.254350E-16
6929.92850735825  1.314989E-16
6931.88918996388  1.336662E-16
6933.84987256951  1.178107E-16
6935.81055517514  1.136818E-16
6937.77123778077  1.264833E-16
6939.7319203864  1.398111E-16
6941.69260299202  1.408030E-16
6943.65328559765  1.288708E-16
6945.61396820328  1.285458E-16
6947.57465080891  1.286732E-16
6949.53533341454  1.333658E-16
6951.49601602016  1.346201E-16
6953.45669862579  1.347798E-16
6955.41738123142  1.364609E-16
6957.37806383705  1.262366E-16
6959.33874644268  1.256326E-16
6961.29942904831  1.294846E-16
6963.26011165393  1.402521E-16
6965.22079425956  1.374322E-16
6967.18147686519  1.311089E-16
6969.14215947082  1.379979E-16
6971.10284207645  1.241983E-16
6973.06352468208  1.204153E-16
6975.0242072877  1.204082E-16
6976.98488989333  1.272245E-16
6978.94557249896  1.176200E-16
6980.90625510459  1.150094E-16
6982.86693771022  1.137013E-16
6984.82762031584  1.107051E-16
6986.78830292147  1.187028E-16
6988.7489855271  1.173930E-16
6990.70966813273  1.266080E-16
6992.67035073836  1.272832E-16
6994.63103334399  1.140573E-16
6996.59171594962  1.270685E-16
6998.55239855524  1.263783E-16
7000.51308116087  1.271876E-16
7002.4737637665  1.239103E-16
7004.43444637213  1.301594E-16
7006.39512897776  1.330282E-16
7008.35581158338  1.344620E-16
7010.31649418901  1.270584E-16
7012.27717679464  1.157617E-16
7014.23785940027  1.289055E-16
7016.1985420059  1.248819E-16
7018.15922461153  1.331131E-16
7020.11990721715  1.218544E-16
7022.08058982278  1.221434E-16
7024.04127242841  1.250431E-16
7026.00195503404  1.330518E-16
7027.96263763967  1.249438E-16
7029.92332024529  1.238927E-16
7031.88400285092  1.387862E-16
7033.84468545655  1.331281E-16
7035.80536806218  1.358703E-16
7037.76605066781  1.287934E-16
7039.72673327344  1.396519E-16
7041.68741587906  1.286379E-16
7043.64809848469  1.268569E-16
7045.60878109032  1.288761E-16
7047.56946369595  1.349057E-16
7049.53014630158  1.274548E-16
7051.49082890721  1.244634E-16
7053.45151151283  1.150203E-16
7055.41219411846  1.182376E-16
7057.37287672409  1.332728E-16
7059.33355932972  1.312862E-16
7061.29424193535  1.195630E-16
7063.25492454097  1.268747E-16
7065.2156071466  1.223141E-16
7067.17628975223  1.243452E-16
7069.13697235786  1.197503E-16
7071.09765496349  1.390820E-16
7073.05833756912  1.376644E-16
7075.01902017474  1.274706E-16
7076.97970278037  1.374249E-16
7078.940385386  1.301679E-16
7080.90106799163  1.396277E-16
7082.86175059726  1.163990E-16
7084.82243320288  1.225294E-16
7086.78311580851  1.206216E-16
7088.74379841414  1.120377E-16
7090.70448101977  1.175791E-16
7092.6651636254  1.251415E-16
7094.62584623103  1.297171E-16
7096.58652883665  1.188123E-16
7098.54721144228  1.217767E-16
7100.50789404791  1.246675E-16
7102.46857665354  1.289770E-16
7104.42925925917  1.358948E-16
7106.3899418648  1.294196E-16
7108.35062447042  1.117012E-16
7110.31130707605  1.252755E-16
7112.27198968168  1.310626E-16
7114.23267228731  1.324439E-16
7116.19335489294  1.159648E-16
7118.15403749857  1.177021E-16
7120.11472010419  1.246670E-16
7122.07540270982  1.222144E-16
7124.03608531545  1.185312E-16
7125.99676792108  1.218678E-16
7127.95745052671  1.203816E-16
7129.91813313234  1.278323E-16
7131.87881573796  1.262028E-16
7133.83949834359  1.280701E-16
7135.80018094922  1.216021E-16
7137.76086355485  1.241012E-16
7139.72154616048  1.344841E-16
7141.6822287661  1.337171E-16
7143.64291137173  1.294049E-16
7145.60359397736  1.291306E-16
7147.56427658299  1.313449E-16
7149.52495918862  1.359674E-16
7151.48564179425  1.323603E-16
7153.44632439987  1.225930E-16
7155.4070070055  1.164995E-16
7157.36768961113  1.162067E-16
7159.32837221676  1.292889E-16
7161.28905482239  1.269920E-16
7163.24973742801  1.036016E-16
7165.21042003364  1.249125E-16
7167.17110263927  1.154184E-16
7169.1317852449  1.097471E-16
7171.09246785053  1.232651E-16
7173.05315045616  1.198478E-16
7175.01383306178  1.183691E-16
7176.97451566741  1.118785E-16
7178.93519827304  1.064137E-16
7180.89588087867  1.288283E-16
7182.8565634843  1.322459E-16
7184.81724608993  1.310545E-16
7186.77792869555  1.336448E-16
7188.73861130118  1.226085E-16
7190.69929390681  1.181632E-16
7192.65997651244  1.141146E-16
7194.62065911807  1.194006E-16
7196.5813417237  1.120931E-16
7198.54202432932  1.088867E-16
7200.50270693495  1.212227E-16
7202.46338954058  1.246549E-16
7204.42407214621  1.264739E-16
7206.38475475184  1.200181E-16
7208.34543735746  1.154229E-16
7210.30611996309  1.118763E-16
7212.26680256872  1.172892E-16
7214.22748517435  8.991766E-17
7216.18816777998  1.199345E-16
7218.14885038561  1.108393E-16
7220.10953299123  1.111680E-16
7222.07021559686  1.033698E-16
7224.03089820249  8.749337E-17
7225.99158080812  9.503436E-17
7227.95226341375  1.084356E-16
7229.91294601937  1.114068E-16
7231.873628625  9.214105E-17
7233.83431123063  9.082327E-17
7235.79499383626  1.206788E-16
7237.75567644189  1.193279E-16
7239.71635904752  1.166117E-16
7241.67704165314  1.292731E-16
7243.63772425877  1.187222E-16
7245.5984068644  1.008483E-16
7247.55908947003  1.178838E-16
7249.51977207566  1.279825E-16
7251.48045468128  1.242474E-16
7253.44113728691  1.326022E-16
7255.40181989254  1.166014E-16
7257.36250249817  1.199193E-16
7259.3231851038  1.045821E-16
7261.28386770943  1.203283E-16
7263.24455031506  1.114720E-16
7265.20523292068  1.109286E-16
7267.16591552631  1.260024E-16
7269.12659813194  1.284788E-16
7271.08728073757  1.282665E-16
7273.0479633432  1.188727E-16
7275.00864594883  1.211236E-16
7276.96932855445  1.354985E-16
7278.93001116008  1.174503E-16
7280.89069376571  1.137954E-16
7282.85137637134  1.051140E-16
7284.81205897697  1.145833E-16
7286.77274158259  1.300525E-16
7288.73342418822  1.127235E-16
7290.69410679385  1.076810E-16
7292.65478939948  1.021507E-16
7294.61547200511  1.114135E-16
7296.57615461074  1.155069E-16
7298.53683721636  1.291465E-16
7300.49751982199  1.157990E-16
7302.45820242762  1.243651E-16
7304.41888503325  1.140438E-16
7306.37956763888  1.107492E-16
7308.3402502445  1.030132E-16
7310.30093285013  1.089933E-16
7312.26161545576  1.157138E-16
7314.22229806139  1.172406E-16
7316.18298066702  1.184797E-16
7318.14366327265  1.197848E-16
7320.10434587827  1.183399E-16
7322.0650284839  1.209550E-16
7324.02571108953  1.084380E-16
7325.98639369516  1.115517E-16
7327.94707630079  1.256711E-16
7329.90775890641  1.183576E-16
7331.86844151204  1.335536E-16
7333.82912411767  1.083024E-16
7335.7898067233  1.051344E-16
7337.75048932893  1.095598E-16
7339.71117193456  1.209396E-16
7341.67185454018  1.284317E-16
7343.63253714581  1.259330E-16
7345.59321975144  1.212568E-16
7347.55390235707  1.250452E-16
7349.5145849627  1.192218E-16
7351.47526756833  1.125267E-16
7353.43595017396  1.241286E-16
7355.39663277958  1.113091E-16
7357.35731538521  1.085698E-16
7359.31799799084  1.088102E-16
7361.27868059647  1.149840E-16
7363.2393632021  1.242578E-16
7365.20004580772  1.197293E-16
7367.16072841335  1.140594E-16
7369.12141101898  1.213425E-16
7371.08209362461  1.239279E-16
7373.04277623024  1.138053E-16
7375.00345883587  1.261515E-16
7376.96414144149  1.211216E-16
7378.92482404712  1.143308E-16
7380.88550665275  1.121246E-16
7382.84618925838  1.217417E-16
7384.80687186401  1.247872E-16
7386.76755446963  1.121737E-16
7388.72823707526  1.174628E-16
7390.68891968089  1.234472E-16
7392.64960228652  1.094998E-16
7394.61028489215  1.107633E-16
7396.57096749778  9.971425E-17
7398.5316501034  1.096482E-16
7400.49233270903  1.124669E-16
7402.45301531466  1.025391E-16
7404.41369792029  1.042243E-16
7406.37438052592  1.108322E-16
7408.33506313154  1.104660E-16
7410.29574573717  9.760011E-17
7412.2564283428  8.664179E-17
7414.21711094843  1.093202E-16
7416.17779355406  1.103688E-16
7418.13847615969  1.150993E-16
7420.09915876531  1.155577E-16
7422.05984137094  1.168369E-16
7424.02052397657  1.219994E-16
7425.9812065822  1.133098E-16
7427.94188918783  1.137369E-16
7429.90257179346  1.147030E-16
7431.86325439909  1.194888E-16
7433.82393700471  1.129348E-16
7435.78461961034  1.089177E-16
7437.74530221597  1.108725E-16
7439.7059848216  1.068110E-16
7441.66666742723  1.019877E-16
7443.62735003285  1.083810E-16
7445.58803263848  1.104973E-16
7447.54871524411  1.212981E-16
7449.50939784974  1.195898E-16
7451.47008045537  1.161390E-16
7453.430763061  1.170008E-16
7455.39144566662  1.063572E-16
7457.35212827225  1.134685E-16
7459.31281087788  1.048769E-16
7461.27349348351  1.100356E-16
7463.23417608914  1.125419E-16
7465.19485869476  1.164299E-16
7467.15554130039  1.119727E-16
7469.11622390602  1.029531E-16
7471.07690651165  1.109845E-16
7473.03758911728  1.090354E-16
7474.99827172291  1.078820E-16
7476.95895432853  1.161263E-16
7478.91963693416  1.176396E-16
7480.88031953979  1.108927E-16
7482.84100214542  1.024728E-16
7484.80168475105  9.982574E-17
7486.76236735667  1.129735E-16
7488.7230499623  1.139945E-16
7490.68373256793  1.143853E-16
7492.64441517356  1.185600E-16
7494.60509777919  1.302076E-16
7496.56578038482  1.054680E-16
7498.52646299044  1.071071E-16
7500.48714559607  1.157724E-16
7502.4478282017  1.158012E-16
7504.40851080733  9.758017E-17
7506.36919341296  1.019956E-16
7508.32987601858  1.022052E-16
7510.29055862421  8.927439E-17
7512.25124122984  1.001633E-16
7514.21192383547  1.082362E-16
7516.1726064411  1.069366E-16
7518.13328904673  1.120592E-16
7520.09397165236  1.085244E-16
7522.05465425798  1.110992E-16
7524.01533686361  1.162212E-16
7525.97601946924  1.206390E-16
7527.93670207487  1.056166E-16
7529.8973846805  1.257192E-16
7531.85806728613  1.169402E-16
7533.81874989175  8.915298E-17
7535.77943249738  1.045733E-16
7537.74011510301  9.479983E-17
7539.70079770864  7.052143E-17
7541.66148031427  6.459964E-17
7543.62216291989  8.929145E-17
7545.58284552552  8.046146E-17
7547.54352813115  8.603287E-17
7549.50421073678  1.189595E-16
7551.46489334241  1.445405E-16
7553.42557594804  1.111388E-16
7555.38625855366  1.117517E-16
7557.34694115929  1.087204E-16
7559.30762376492  1.102529E-16
7561.26830637055  9.199857E-17
7563.22898897618  9.269758E-17
7565.1896715818  9.665517E-17
7567.15035418743  8.898108E-17
7569.11103679306  1.126324E-16
7571.07171939869  1.015544E-16
7573.03240200432  1.036594E-16
7574.99308460995  1.078470E-16
7576.95376721557  1.221586E-16
7578.9144498212  1.178819E-16
7580.87513242683  1.072532E-16
7582.83581503246  9.739342E-17
7584.79649763809  9.801901E-17
7586.75718024371  1.056865E-16
7588.71786284934  9.885399E-17
7590.67854545497  1.050102E-16
7592.6392280606  9.900864E-17
7594.59991066623  1.017535E-16
7596.56059327186  1.119337E-16
7598.52127587749  9.268401E-17
7600.48195848311  9.902268E-17
7602.44264108874  9.230925E-17
7604.40332369437  8.708575E-17
7606.3640063  9.853743E-17
7608.32468890563  1.068278E-16
7610.28537151126  9.664334E-17
7612.24605411688  1.077962E-16
7614.20673672251  1.071700E-16
7616.16741932814  1.027905E-16
7618.12810193377  1.054503E-16
7620.0887845394  9.656092E-17
7622.04946714502  1.002555E-16
7624.01014975065  1.023639E-16
7625.97083235628  1.093941E-16
7627.93151496191  1.036755E-16
7629.89219756754  9.333380E-17
7631.85288017317  9.222464E-17
7633.81356277879  1.087378E-16
7635.77424538442  1.042510E-16
7637.73492799005  1.079687E-16
7639.69561059568  9.989705E-17
7641.65629320131  9.973870E-17
7643.61697580693  9.747260E-17
7645.57765841256  9.233905E-17
7647.53834101819  9.379126E-17
7649.49902362382  1.043390E-16
7651.45970622945  9.094049E-17
7653.42038883508  9.172558E-17
7655.3810714407  9.928958E-17
7657.34175404633  9.810637E-17
7659.30243665196  1.053162E-16
7661.26311925759  9.733979E-17
7663.22380186322  1.033349E-16
7665.18448446884  1.125234E-16
7667.14516707447  1.223309E-16
7669.1058496801  1.138647E-16
7671.06653228573  9.894069E-17
7673.02721489136  9.170879E-17
7674.98789749699  9.414203E-17
7676.94858010262  1.001417E-16
7678.90926270824  9.203504E-17
7680.86994531387  9.325520E-17
7682.8306279195  9.560814E-17
7684.79131052513  1.036462E-16
7686.75199313076  7.743721E-17
7688.71267573639  9.848219E-17
7690.67335834201  1.115054E-16
7692.63404094764  8.743580E-17
7694.59472355327  8.221872E-17
7696.5554061589  9.455763E-17
7698.51608876453  9.893934E-17
7700.47677137015  9.155328E-17
7702.43745397578  9.715022E-17
7704.39813658141  8.730611E-17
7706.35881918704  8.165970E-17
7708.31950179267  8.712426E-17
7710.2801843983  8.937153E-17
7712.24086700392  9.069775E-17
7714.20154960955  1.062302E-16
7716.16223221518  1.074745E-16
7718.12291482081  9.779201E-17
7720.08359742644  9.479834E-17
7722.04428003206  9.742736E-17
7724.00496263769  1.069626E-16
7725.96564524332  1.021012E-16
7727.92632784895  1.027752E-16
7729.88701045458  1.129919E-16
7731.84769306021  1.024687E-16
7733.80837566583  9.431337E-17
7735.76905827146  9.317114E-17
7737.72974087709  9.713835E-17
7739.69042348272  9.748461E-17
7741.65110608835  1.056800E-16
7743.61178869397  9.344262E-17
7745.5724712996  9.303306E-17
7747.53315390523  1.017775E-16
7749.49383651086  1.084373E-16
7751.45451911649  1.007250E-16
7753.41520172212  9.082849E-17
7755.37588432774  1.055523E-16
7757.33656693337  1.001342E-16
7759.297249539  1.012159E-16
7761.25793214463  9.833296E-17
7763.21861475026  1.027243E-16
7765.17929735589  1.087029E-16
7767.13997996152  9.773621E-17
7769.10066256714  9.675641E-17
7771.06134517277  9.620985E-17
7773.0220277784  1.044144E-16
7774.98271038403  9.905543E-17
7776.94339298966  1.003732E-16
7778.90407559528  1.052099E-16
7780.86475820091  9.886091E-17
7782.82544080654  1.037233E-16
7784.78612341217  1.113444E-16
7786.7468060178  9.550755E-17
7788.70748862343  1.005502E-16
7790.66817122905  1.052273E-16
7792.62885383468  9.838677E-17
7794.58953644031  8.600916E-17
7796.55021904594  9.599461E-17
7798.51090165157  9.979876E-17
7800.47158425719  1.016547E-16
7802.43226686282  1.096556E-16
7804.39294946845  1.001198E-16
7806.35363207408  8.349950E-17
7808.31431467971  9.774087E-17
7810.27499728534  1.043467E-16
7812.23567989096  1.253466E-16
7814.19636249659  9.904047E-17
7816.15704510222  1.124761E-16
7818.11772770785  9.576020E-17
7820.07841031348  1.050790E-16
7822.0390929191  1.119148E-16
7823.99977552473  1.052560E-16
7825.96045813036  9.738229E-17
7827.92114073599  1.054783E-16
7829.88182334162  1.041662E-16
7831.84250594725  9.619279E-17
7833.80318855287  1.084847E-16
7835.7638711585  1.001520E-16
7837.72455376413  1.097770E-16
7839.68523636976  9.917730E-17
7841.64591897539  9.122187E-17
7843.60660158102  1.072498E-16
7845.56728418664  8.607549E-17
7847.52796679227  7.788952E-17
7849.4886493979  1.039585E-16
7851.44933200353  1.050958E-16
7853.41001460916  1.123714E-16
7855.37069721478  1.056058E-16
7857.33137982041  1.072317E-16
7859.29206242604  1.035304E-16
7861.25274503167  1.012460E-16
7863.2134276373  1.100713E-16
7865.17411024293  9.793121E-17
7867.13479284855  1.020464E-16
7869.09547545418  9.236108E-17
7871.05615805981  9.826024E-17
7873.01684066544  8.961824E-17
7874.97752327107  1.030215E-16
7876.9382058767  9.096984E-17
7878.89888848232  1.019544E-16
7880.85957108795  1.060409E-16
7882.82025369358  9.266960E-17
7884.78093629921  9.549375E-17
7886.74161890484  9.917616E-17
7888.70230151046  9.834548E-17
7890.66298411609  9.923569E-17
7892.62366672172  1.052830E-16
7894.58434932735  1.133891E-16
7896.54503193298  1.253234E-16
7898.50571453861  9.535532E-17
7900.46639714423  1.063860E-16
7902.42707974986  1.092710E-16
7904.38776235549  1.095116E-16
7906.34844496112  1.124359E-16
7908.30912756675  1.049914E-16
7910.26981017238  8.454065E-17
7912.230492778  9.476742E-17
7914.19117538363  9.948200E-17
7916.15185798926  8.911970E-17
7918.11254059489  9.710474E-17
7920.07322320052  1.095225E-16
7922.03390580614  9.942129E-17
7923.99458841177  9.608618E-17
7925.9552710174  9.361352E-17
7927.91595362303  9.765442E-17
7929.87663622866  9.346130E-17
7931.83731883429  1.074884E-16
7933.79800143991  9.956758E-17
7935.75868404554  1.023853E-16
7937.71936665117  9.508645E-17
7939.6800492568  8.479820E-17
7941.64073186243  8.939686E-17
7943.60141446806  9.958770E-17
7945.56209707368  9.788461E-17
7947.52277967931  1.023140E-16
7949.48346228494  9.939372E-17
7951.44414489057  9.211772E-17
7953.4048274962  8.497356E-17
7955.36551010183  9.469131E-17
7957.32619270745  1.141271E-16
