3996.16854954414  2.326809E-17
3998.13835255561  -4.575196E-18
4000.10815556708  2.135559E-17
4002.07795857855  -7.212049E-18
4004.04776159002  2.400912E-17
4006.01756460149  4.182941E-18
4007.98736761296  1.348819E-17
4009.95717062443  -9.985239E-19
4011.9269736359  6.393115E-17
4013.89677664737  3.801965E-17
4015.86657965884  -1.877740E-17
4017.83638267031  4.143442E-17
4019.80618568178  -3.939470E-17
4021.77598869325  -3.240615E-17
4023.74579170472  -3.918163E-18
4025.71559471619  2.014629E-17
4027.68539772765  4.423946E-18
4029.65520073912  5.546364E-20
4031.62500375059  3.913727E-17
4033.59480676206  1.149840E-17
4035.56460977353  -6.506194E-18
4037.534412785  4.802879E-17
4039.50421579647  3.761137E-17
4041.47401880794  -1.566991E-18
4043.44382181941  7.203536E-17
4045.41362483088  2.696621E-17
4047.38342784235  1.023067E-18
4049.35323085382  3.572046E-17
4051.32303386529  -1.415136E-17
4053.29283687676  -6.521969E-18
4055.26263988823  2.324404E-17
4057.23244289969  -7.987254E-18
4059.20224591117  -4.025357E-17
4061.17204892263  7.291763E-17
4063.1418519341  1.896910E-18
4065.11165494557  -2.580039E-17
4067.08145795704  2.143700E-17
4069.05126096851  -3.000571E-17
4071.02106397998  -5.964993E-18
4072.99086699145  5.660599E-17
4074.96067000292  8.672877E-18
4076.93047301439  -2.004957E-17
4078.90027602586  -3.656137E-17
4080.87007903733  3.239572E-17
4082.8398820488  5.485844E-17
4084.80968506027  -2.261939E-18
4086.77948807174  -1.873706E-17
4088.74929108321  5.866720E-17
4090.71909409468  5.118477E-17
4092.68889710615  1.413654E-17
4094.65870011761  -2.595900E-17
4096.62850312908  2.755300E-18
4098.59830614055  6.627278E-17
4100.56810915202  1.572272E-17
4102.53791216349  5.278185E-19
4104.50771517496  1.207145E-17
4106.47751818643  -2.163673E-17
4108.4473211979  2.293934E-17
4110.41712420937  2.069546E-18
4112.38692722084  -4.324873E-17
4114.35673023231  1.037955E-18
4116.32653324378  2.272018E-17
4118.29633625525  2.185288E-17
4120.26613926672  2.323153E-17
4122.23594227819  -5.334570E-18
4124.20574528966  8.981191E-18
4126.17554830113  4.061839E-18
4128.1453513126  -5.074937E-17
4130.11515432406  -5.725361E-17
4132.08495733553  2.858888E-17
4134.054760347  1.981635E-18
4136.02456335847  -1.300251E-17
4137.99436636994  3.932741E-17
4139.96416938141  8.798686E-17
4141.93397239288  2.695537E-17
4143.90377540435  -1.710951E-17
4145.87357841582  -5.694182E-18
4147.84338142729  -9.177131E-18
4149.81318443876  1.967369E-17
4151.78298745023  4.376451E-17
4153.7527904617  1.668366E-17
4155.72259347317  -2.790018E-18
4157.69239648464  -5.876324E-17
4159.6621994961  -1.558464E-17
4161.63200250758  2.819251E-17
4163.60180551904  3.850585E-17
4165.57160853052  9.580392E-18
4167.54141154198  2.115498E-17
4169.51121455345  1.008102E-17
4171.48101756492  3.555546E-17
4173.45082057639  -4.104433E-17
4175.42062358786  -4.009482E-17
4177.39042659933  9.306491E-18
4179.3602296108  3.473616E-18
4181.33003262227  2.159256E-17
4183.29983563374  1.590620E-18
4185.26963864521  -4.358201E-17
4187.23944165668  -1.665195E-17
4189.20924466815  1.326811E-17
4191.17904767962  -8.109732E-18
4193.14885069108  -1.915869E-17
4195.11865370256  -4.025459E-18
4197.08845671402  1.202029E-17
4199.05825972549  -4.548937E-17
4201.02806273696  4.214631E-17
4202.99786574843  2.757194E-17
4204.9676687599  -1.474900E-18
4206.93747177137  3.194649E-18
4208.90727478284  2.568146E-18
4210.87707779431  1.025889E-17
4212.84688080578  -1.214306E-18
4214.81668381725  3.331082E-18
4216.78648682872  4.050650E-17
4218.75628984019  -1.937280E-17
4220.72609285166  -1.466039E-18
4222.69589586313  4.455002E-17
4224.6656988746  1.798615E-17
4226.63550188607  2.163866E-17
4228.60530489754  1.606167E-17
4230.575107909  1.025725E-17
4232.54491092047  -1.305102E-18
4234.51471393194  1.149352E-17
4236.48451694341  -7.958165E-18
4238.45431995488  -3.007764E-18
4240.42412296635  1.169147E-17
4242.39392597782  -2.567013E-17
4244.36372898929  -2.300452E-17
4246.33353200076  3.421015E-17
4248.30333501223  -3.495743E-17
4250.2731380237  -3.210180E-17
4252.24294103517  -3.305671E-17
4254.21274404664  2.291997E-19
4256.18254705811  -6.143363E-18
4258.15235006958  -3.876643E-17
4260.12215308105  -1.541141E-17
4262.09195609251  -2.427948E-17
4264.06175910399  2.295600E-17
4266.03156211545  2.572530E-17
4268.00136512692  4.666129E-17
4269.97116813839  3.617307E-17
4271.94097114986  -3.104320E-17
4273.91077416133  1.297273E-17
4275.8805771728  -2.944452E-18
4277.85038018427  -3.660107E-17
4279.82018319574  9.569777E-18
4281.78998620721  -3.824825E-18
4283.75978921868  -6.956877E-18
4285.72959223015  2.135325E-17
4287.69939524162  6.362436E-18
4289.66919825309  2.551876E-17
4291.63900126456  7.756261E-18
4293.60880427603  4.487401E-17
4295.57860728749  3.341311E-17
4297.54841029896  -1.993658E-17
4299.51821331043  3.330994E-17
4301.4880163219  4.008109E-17
4303.45781933337  -1.181721E-17
4305.42762234484  -3.391063E-17
4307.39742535631  3.901023E-18
4309.36722836778  2.169103E-17
4311.33703137925  1.344168E-17
4313.30683439072  2.777920E-17
4315.27663740219  1.733173E-17
4317.24644041366  7.481096E-18
4319.21624342513  -5.733448E-18
4321.1860464366  6.654910E-17
4323.15584944807  2.612470E-17
4325.12565245953  -2.010446E-17
4327.09545547101  6.166440E-17
4329.06525848247  2.370803E-17
4331.03506149394  3.211041E-17
4333.00486450541  3.689914E-17
4334.97466751688  4.901146E-18
4336.94447052835  -3.156362E-17
4338.91427353982  -7.988773E-18
4340.88407655129  1.092265E-17
4342.85387956276  1.613159E-17
4344.82368257423  1.907053E-17
4346.7934855857  -1.895837E-17
4348.76328859717  -3.595331E-18
4350.73309160864  1.297082E-17
4352.70289462011  2.838536E-17
4354.67269763158  1.058926E-17
4356.64250064305  1.269913E-17
4358.61230365452  4.108184E-17
4360.58210666599  6.475986E-17
4362.55190967746  1.853830E-17
4364.52171268892  9.970951E-18
4366.49151570039  -3.158465E-17
4368.46131871186  5.552254E-17
4370.43112172333  3.782342E-17
4372.4009247348  -1.454152E-17
4374.37072774627  -9.028264E-18
4376.34053075774  2.245262E-17
4378.31033376921  2.268324E-17
4380.28013678068  1.000353E-17
4382.24993979215  3.916858E-18
4384.21974280362  1.723004E-18
4386.18954581509  1.772540E-17
4388.15934882656  1.210021E-18
4390.12915183803  3.033404E-18
4392.0989548495  -1.360862E-18
4394.06875786097  -8.168065E-18
4396.03856087243  1.009223E-17
4398.0083638839  -4.682305E-18
4399.97816689537  1.580992E-17
4401.94796990684  6.762473E-18
4403.91777291831  1.426041E-17
4405.88757592978  -5.391154E-18
4407.85737894125  7.935562E-18
4409.82718195272  1.024181E-17
4411.79698496419  2.355328E-17
4413.76678797566  -7.799858E-18
4415.73659098713  -1.303108E-17
4417.7063939986  -1.057596E-17
4419.67619701007  -1.624062E-17
4421.64600002154  -1.709386E-17
4423.61580303301  5.094605E-17
4425.58560604448  6.840011E-17
4427.55540905595  6.166455E-17
4429.52521206741  4.954783E-17
4431.49501507888  -1.473429E-18
4433.46481809035  -3.727929E-18
4435.43462110182  6.179405E-18
4437.40442411329  -4.780656E-18
4439.37422712476  2.917731E-17
4441.34403013623  1.952359E-17
4443.3138331477  3.983957E-17
4445.28363615917  4.504457E-17
4447.25343917064  -6.347636E-18
4449.22324218211  1.573563E-18
4451.19304519358  4.136483E-17
4453.16284820505  1.671187E-17
4455.13265121652  2.555114E-17
4457.10245422799  3.881605E-17
4459.07225723946  2.520248E-17
4461.04206025093  1.693368E-17
4463.0118632624  4.085433E-18
4464.98166627386  2.280558E-17
4466.95146928533  6.124564E-18
4468.9212722968  1.365314E-17
4470.89107530827  -1.740582E-17
4472.86087831974  -4.474246E-18
4474.83068133121  7.223132E-17
4476.80048434268  4.499669E-17
4478.77028735415  -1.002226E-17
4480.74009036562  2.205348E-17
4482.70989337709  2.031062E-17
4484.67969638856  1.261000E-17
4486.64949940003  2.740172E-17
4488.6193024115  4.082051E-17
4490.58910542297  1.691487E-17
4492.55890843444  -1.320467E-17
4494.52871144591  -2.683823E-17
4496.49851445737  -3.962076E-17
4498.46831746884  6.170308E-18
4500.43812048031  5.979903E-17
4502.40792349178  7.023716E-17
4504.37772650325  2.202230E-17
4506.34752951472  -9.661873E-19
4508.31733252619  2.133744E-17
4510.28713553766  1.855248E-17
4512.25693854913  -3.989068E-18
4514.2267415606  9.254472E-18
4516.19654457207  4.553838E-18
4518.16634758354  1.210027E-17
4520.13615059501  1.065012E-17
4522.10595360648  1.236968E-18
4524.07575661795  3.250887E-17
4526.04555962942  7.499975E-18
4528.01536264089  1.924549E-17
4529.98516565236  1.010419E-17
4531.95496866382  4.003947E-18
4533.92477167529  1.531865E-17
4535.89457468676  2.828671E-17
4537.86437769823  1.573900E-17
4539.8341807097  3.636999E-17
4541.80398372117  -4.505712E-18
4543.77378673264  -7.486743E-18
4545.74358974411  1.026435E-17
4547.71339275558  2.808915E-17
4549.68319576705  -2.153119E-18
4551.65299877852  -1.852578E-18
4553.62280178999  1.173858E-18
4555.59260480146  -4.095056E-17
4557.56240781293  -1.255347E-17
4559.5322108244  7.177051E-18
4561.50201383587  1.052015E-17
4563.47181684733  -2.247684E-18
4565.4416198588  -5.065042E-18
4567.41142287027  2.081303E-18
4569.38122588174  1.666642E-17
4571.35102889321  -3.913898E-17
4573.32083190468  -1.797963E-17
4575.29063491615  8.443140E-18
4577.26043792762  2.825402E-17
4579.23024093909  -5.366048E-18
4581.20004395056  3.742172E-18
4583.16984696203  3.124878E-17
4585.1396499735  2.424483E-17
4587.10945298497  2.551548E-17
4589.07925599644  3.551438E-17
4591.04905900791  2.136991E-17
4593.01886201938  6.314319E-19
4594.98866503085  3.137555E-17
4596.95846804231  7.926211E-18
4598.92827105378  8.658958E-18
4600.89807406525  2.903659E-17
4602.86787707672  5.492961E-17
4604.83768008819  2.519740E-17
4606.80748309966  3.635121E-18
4608.77728611113  1.703884E-17
4610.7470891226  -2.069400E-18
4612.71689213407  3.499414E-18
4614.68669514554  8.835294E-18
4616.65649815701  4.556316E-17
4618.62630116848  7.265561E-18
4620.59610417995  2.739658E-17
4622.56590719142  2.942664E-17
4624.53571020289  1.086559E-17
4626.50551321436  3.292989E-17
4628.47531622583  2.197182E-17
4630.44511923729  5.166181E-17
4632.41492224877  4.802888E-19
4634.38472526023  -2.044714E-18
4636.3545282717  2.712504E-17
4638.32433128317  3.371856E-17
4640.29413429464  -5.500356E-18
4642.26393730611  -3.209387E-18
4644.23374031758  2.457358E-17
4646.20354332905  2.500797E-17
4648.17334634052  -1.314393E-18
4650.14314935199  1.072045E-17
4652.11295236346  1.816635E-17
4654.08275537493  2.083721E-18
4656.0525583864  6.654853E-18
4658.02236139787  2.931264E-17
4659.99216440934  -1.490045E-17
4661.96196742081  2.004886E-17
4663.93177043228  4.462339E-17
4665.90157344375  1.974985E-17
4667.87137645521  -6.503449E-18
4669.84117946668  -2.495562E-18
4671.81098247815  8.145860E-18
4673.78078548962  1.663763E-18
4675.75058850109  2.427721E-17
4677.72039151256  -9.724934E-18
4679.69019452403  1.944097E-17
4681.6599975355  1.917741E-17
4683.62980054697  2.759495E-17
4685.59960355844  2.297821E-17
4687.56940656991  1.411762E-17
4689.53920958138  2.039699E-17
4691.50901259285  2.321816E-17
4693.47881560432  1.994972E-17
4695.44861861579  2.848675E-17
4697.41842162726  3.986816E-18
4699.38822463873  1.253995E-17
4701.35802765019  2.354036E-18
4703.32783066166  -3.907836E-18
4705.29763367313  -4.213073E-18
4707.2674366846  9.006211E-18
4709.23723969607  1.564910E-17
4711.20704270754  2.321634E-17
4713.17684571901  5.517245E-18
4715.14664873048  2.173776E-17
4717.11645174195  3.479012E-17
4719.08625475342  6.117845E-18
4721.05605776489  -7.283538E-18
4723.02586077636  1.098947E-17
4724.99566378783  8.028929E-18
4726.9654667993  1.184665E-17
4728.93526981077  -6.562713E-18
4730.90507282224  1.393547E-17
4732.8748758337  2.606129E-17
4734.84467884517  4.945717E-17
4736.81448185664  1.887023E-17
4738.78428486811  2.552370E-17
4740.75408787958  -8.013974E-18
4742.72389089105  1.830614E-17
4744.69369390252  2.966734E-17
4746.66349691399  1.205585E-17
4748.63329992546  -1.774900E-17
4750.60310293693  -6.809424E-18
4752.5729059484  2.761423E-17
4754.54270895987  3.705639E-17
4756.51251197134  3.072528E-17
4758.48231498281  1.387061E-17
4760.45211799428  4.281937E-17
4762.42192100574  1.958766E-18
4764.39172401722  3.363871E-18
4766.36152702868  2.225792E-17
4768.33133004015  2.591089E-17
4770.30113305162  7.900482E-18
4772.27093606309  6.690126E-18
4774.24073907456  1.857636E-17
4776.21054208603  6.395805E-18
4778.1803450975  3.985761E-17
4780.15014810897  2.040806E-17
4782.11995112044  1.000062E-17
4784.08975413191  1.999283E-17
4786.05955714338  9.649656E-18
4788.02936015485  1.914573E-17
4789.99916316632  1.763616E-17
4791.96896617779  2.372574E-17
4793.93876918926  2.558459E-17
4795.90857220073  1.791957E-18
4797.8783752122  2.182576E-17
4799.84817822367  1.373514E-17
4801.81798123513  3.041151E-17
4803.7877842466  9.467598E-18
4805.75758725807  -3.134405E-17
4807.72739026954  2.612988E-17
4809.69719328101  3.231222E-17
4811.66699629248  1.150252E-17
4813.63679930395  -2.042457E-18
4815.60660231542  1.179291E-17
4817.57640532689  3.992310E-17
4819.54620833836  8.479366E-18
4821.51601134983  -3.758124E-18
4823.4858143613  3.574748E-17
4825.45561737277  2.132056E-18
4827.42542038424  1.150016E-17
4829.39522339571  2.465891E-17
4831.36502640718  3.087366E-17
4833.33482941865  1.085805E-17
4835.30463243011  -1.027554E-17
4837.27443544158  5.546514E-18
4839.24423845305  1.816914E-17
4841.21404146452  3.357381E-17
4843.18384447599  2.279120E-17
4845.15364748746  2.817556E-17
4847.12345049893  3.139112E-17
4849.0932535104  1.918844E-17
4851.06305652187  2.140438E-17
4853.03285953334  2.691688E-17
4855.00266254481  5.286285E-18
4856.97246555628  6.891156E-18
4858.94226856775  -6.594818E-18
4860.91207157922  9.727812E-19
4862.88187459069  -1.108702E-17
4864.85167760216  1.372847E-18
4866.82148061363  1.930216E-18
4868.79128362509  8.995836E-18
4870.76108663656  1.240571E-17
4872.73088964803  -5.829179E-18
4874.7006926595  3.663898E-17
4876.67049567097  2.404871E-17
4878.64029868244  2.077075E-17
4880.61010169391  1.899265E-17
4882.57990470538  1.097278E-17
4884.54970771685  -1.039245E-17
4886.51951072832  -1.467647E-17
4888.48931373979  -3.384490E-19
4890.45911675126  7.257651E-19
4892.42891976273  2.346605E-17
4894.3987227742  1.117852E-17
4896.36852578567  -4.570910E-18
4898.33832879714  -6.396715E-18
4900.30813180861  1.030621E-17
4902.27793482007  -2.267780E-18
4904.24773783154  -1.843683E-17
4906.21754084301  1.303874E-17
4908.18734385448  2.291316E-17
4910.15714686595  3.111958E-17
4912.12694987742  1.702190E-17
4914.09675288889  3.542157E-17
4916.06655590036  3.115284E-17
4918.03635891183  1.721918E-17
4920.0061619233  1.966674E-17
4921.97596493477  1.698984E-17
4923.94576794624  2.242042E-17
4925.91557095771  8.944601E-18
4927.88537396918  2.461541E-17
4929.85517698065  2.787838E-17
4931.82497999212  1.599244E-18
4933.79478300358  9.958103E-18
4935.76458601505  2.863014E-18
4937.73438902652  1.942761E-17
4939.70419203799  -3.027634E-18
4941.67399504946  -7.202516E-18
4943.64379806093  1.138328E-17
4945.6136010724  6.568730E-18
4947.58340408387  -1.279515E-18
4949.55320709534  1.068881E-17
4951.52301010681  1.900180E-17
4953.49281311828  2.295205E-17
4955.46261612975  1.684893E-17
4957.43241914122  -7.795915E-18
4959.40222215269  3.916981E-18
4961.37202516416  2.479115E-17
4963.34182817563  -9.233993E-18
4965.3116311871  2.707078E-17
4967.28143419857  3.189364E-17
4969.25123721003  3.931974E-17
4971.2210402215  2.755727E-17
4973.19084323297  2.206932E-17
4975.16064624444  4.230821E-17
4977.13044925591  1.593991E-17
4979.10025226738  1.774694E-17
4981.07005527885  3.961926E-17
4983.03985829032  2.962748E-17
4985.00966130179  7.828348E-18
4986.97946431326  1.565567E-17
4988.94926732473  6.537453E-18
4990.9190703362  6.732578E-18
4992.88887334767  7.989986E-18
4994.85867635914  7.208254E-18
4996.82847937061  1.642554E-17
4998.79828238207  1.486640E-17
5000.76808539354  1.548091E-17
5002.73788840502  5.385969E-18
5004.70769141648  8.053904E-18
5006.67749442795  8.663012E-18
5008.64729743942  2.927785E-17
5010.61710045089  2.601449E-17
5012.58690346236  2.852302E-17
5014.55670647383  2.042059E-17
5016.5265094853  1.126010E-17
5018.49631249677  2.553821E-17
5020.46611550824  2.065513E-17
5022.43591851971  4.211640E-17
5024.40572153118  5.976970E-18
5026.37552454265  1.075649E-17
5028.34532755412  4.537282E-18
5030.31513056559  -8.060690E-18
5032.28493357706  6.001743E-18
5034.25473658852  2.096557E-17
5036.2245396  1.807257E-17
5038.19434261146  4.219120E-18
5040.16414562293  1.813112E-17
5042.1339486344  9.707380E-18
5044.10375164587  2.530791E-17
5046.07355465734  1.252927E-17
5048.04335766881  2.492604E-17
5050.01316068028  8.013129E-18
5051.98296369175  1.085854E-17
5053.95276670322  2.247148E-17
5055.92256971469  1.859505E-17
5057.89237272616  1.455798E-17
5059.86217573763  4.360072E-17
5061.8319787491  3.011199E-17
5063.80178176057  1.383697E-17
5065.77158477204  3.831741E-17
5067.74138778351  3.896434E-17
5069.71119079497  -5.167766E-18
5071.68099380644  7.839817E-18
5073.65079681791  3.349205E-17
5075.62059982938  1.789268E-17
5077.59040284085  5.029796E-17
5079.56020585232  5.408738E-18
5081.53000886379  2.207093E-17
5083.49981187526  4.316026E-17
5085.46961488673  1.981303E-17
5087.4394178982  2.425444E-17
5089.40922090967  2.136073E-17
5091.37902392114  1.037902E-17
5093.34882693261  3.130162E-17
5095.31862994408  1.464068E-17
5097.28843295555  1.779842E-17
5099.25823596702  3.380052E-17
5101.22803897849  1.547282E-17
5103.19784198996  4.023291E-17
5105.16764500142  8.010551E-19
5107.13744801289  1.112451E-17
5109.10725102436  2.771090E-17
5111.07705403583  4.375632E-17
5113.0468570473  3.563383E-17
5115.01666005877  1.643198E-18
5116.98646307024  2.173403E-17
5118.95626608171  1.592238E-17
5120.92606909318  8.792892E-18
5122.89587210465  2.602057E-17
5124.86567511612  -9.457455E-18
5126.83547812759  1.890687E-17
5128.80528113906  3.011265E-17
5130.77508415053  1.033832E-17
5132.744887162  -1.763111E-18
5134.71469017347  2.934488E-17
5136.68449318493  7.585460E-18
5138.6542961964  1.716677E-17
5140.62409920787  1.897711E-17
5142.59390221934  4.534653E-18
5144.56370523081  9.572754E-18
5146.53350824228  1.792545E-17
5148.50331125375  8.574097E-18
5150.47311426522  1.481169E-17
5152.44291727669  2.061828E-18
5154.41272028816  3.427093E-17
5156.38252329963  1.563883E-17
5158.3523263111  2.308810E-17
5160.32212932257  2.587992E-17
5162.29193233404  -1.620425E-18
5164.26173534551  4.283625E-17
5166.23153835698  4.410667E-17
5168.20134136844  4.028796E-17
5170.17114437991  1.145752E-18
5172.14094739138  2.874833E-18
5174.11075040285  2.599885E-17
5176.08055341432  1.354669E-17
5178.05035642579  1.487299E-17
5180.02015943726  1.412458E-17
5181.98996244873  1.603771E-18
5183.9597654602  1.236086E-17
5185.92956847167  3.861512E-17
5187.89937148314  3.855362E-17
5189.86917449461  4.136596E-17
5191.83897750608  3.968737E-17
5193.80878051755  1.689241E-17
5195.77858352902  2.381796E-17
5197.74838654049  1.278668E-17
5199.71818955196  1.975671E-17
5201.68799256343  1.334068E-17
5203.65779557489  1.703036E-17
5205.62759858636  2.443592E-17
5207.59740159783  3.089310E-17
5209.5672046093  3.303586E-17
5211.53700762077  1.535025E-17
5213.50681063224  4.117430E-17
5215.47661364371  1.075347E-17
5217.44641665518  5.752240E-18
5219.41621966665  2.786886E-17
5221.38602267812  1.279482E-17
5223.35582568959  1.289047E-18
5225.32562870106  1.004518E-17
5227.29543171253  2.089862E-17
5229.265234724  5.191264E-17
5231.23503773547  8.680917E-18
5233.20484074694  3.492265E-17
5235.1746437584  3.245090E-17
5237.14444676987  4.427262E-18
5239.11424978134  -7.257177E-18
5241.08405279281  1.243728E-17
5243.05385580428  1.040017E-18
5245.02365881575  6.808152E-18
5246.99346182722  2.608095E-17
5248.96326483869  2.772570E-17
5250.93306785016  2.603953E-17
5252.90287086163  2.151683E-17
5254.8726738731  8.972082E-18
5256.84247688457  1.799962E-17
5258.81227989604  5.907254E-19
5260.78208290751  1.785527E-17
5262.75188591898  1.181067E-17
5264.72168893045  3.016922E-17
5266.69149194192  -6.977561E-18
5268.66129495338  2.061440E-17
5270.63109796485  2.302128E-17
5272.60090097632  1.799851E-17
5274.57070398779  5.897420E-18
5276.54050699926  3.892717E-17
5278.51031001073  2.955210E-17
5280.4801130222  8.692073E-18
5282.44991603367  1.770298E-17
5284.41971904514  2.579001E-17
5286.38952205661  2.729131E-17
5288.35932506808  1.863440E-17
5290.32912807955  2.079200E-17
5292.29893109102  1.308143E-17
5294.26873410249  1.515447E-17
5296.23853711396  1.164623E-17
5298.20834012543  2.638640E-17
5300.1781431369  1.085221E-18
5302.14794614837  2.560567E-17
5304.11774915983  2.507426E-17
5306.0875521713  2.986654E-17
5308.05735518277  4.462011E-17
5310.02715819424  4.055436E-17
5311.99696120571  5.763182E-17
5313.96676421718  3.888759E-17
5315.93656722865  2.179685E-17
5317.90637024012  3.391577E-17
5319.87617325159  1.815888E-17
5321.84597626306  1.694567E-17
5323.81577927453  1.247571E-17
5325.785582286  1.905035E-17
5327.75538529747  1.838858E-17
5329.72518830894  -1.814461E-18
5331.69499132041  1.990686E-17
5333.66479433188  7.369325E-18
5335.63459734334  -3.443549E-18
5337.60440035482  3.148368E-17
5339.57420336628  8.513935E-18
5341.54400637775  1.539164E-17
5343.51380938922  1.919342E-17
5345.48361240069  2.979412E-17
5347.45341541216  8.919348E-18
5349.42321842363  1.863381E-17
5351.3930214351  2.540553E-17
5353.36282444657  1.504904E-17
5355.33262745804  1.776957E-17
5357.30243046951  1.698418E-17
5359.27223348098  2.102444E-17
5361.24203649245  1.383707E-17
5363.21183950392  6.842854E-18
5365.18164251539  2.349331E-17
5367.15144552686  2.648970E-17
5369.12124853833  1.883751E-17
5371.0910515498  2.572023E-17
5373.06085456126  2.948512E-17
5375.03065757273  1.545363E-17
5377.0004605842  6.125218E-18
5378.97026359567  1.793333E-17
5380.94006660714  2.243499E-17
5382.90986961861  2.516306E-17
5384.87967263008  1.602865E-17
5386.84947564155  3.560228E-17
5388.81927865302  1.984054E-17
5390.78908166449  1.989698E-17
5392.75888467596  1.719752E-17
5394.72868768743  1.558908E-17
5396.6984906989  1.719991E-17
5398.66829371037  1.960170E-17
5400.63809672184  6.055900E-18
5402.60789973331  3.236663E-17
5404.57770274477  1.944006E-17
5406.54750575624  1.002529E-17
5408.51730876771  2.169951E-17
5410.48711177918  3.097955E-17
5412.45691479065  2.270450E-17
5414.42671780212  1.386462E-17
5416.39652081359  2.137002E-17
5418.36632382506  2.811174E-17
5420.33612683653  1.209603E-17
5422.305929848  3.865431E-17
5424.27573285947  3.650147E-17
5426.24553587094  2.288168E-17
5428.21533888241  2.709063E-17
5430.18514189388  2.138305E-17
5432.15494490535  5.001957E-18
5434.12474791681  1.979160E-17
5436.09455092829  2.230878E-17
5438.06435393975  2.796105E-17
5440.03415695122  2.845854E-17
5442.00395996269  1.802626E-17
5443.97376297416  2.342670E-17
5445.94356598563  2.992418E-17
5447.9133689971  3.298550E-17
5449.88317200857  2.472727E-17
5451.85297502004  9.186836E-18
5453.82277803151  1.666216E-18
5455.79258104298  1.086577E-17
5457.76238405445  4.141462E-18
5459.73218706592  2.828565E-18
5461.70199007739  3.250535E-17
5463.67179308886  2.858204E-17
5465.64159610033  3.106638E-17
5467.6113991118  2.267694E-17
5469.58120212327  2.678185E-17
5471.55100513473  2.314344E-17
5473.5208081462  2.048761E-17
5475.49061115767  2.354061E-17
5477.46041416914  2.223372E-17
5479.43021718061  1.524381E-17
5481.40002019208  1.807882E-17
5483.36982320355  2.634059E-17
5485.33962621502  2.874461E-18
5487.30942922649  2.740834E-17
5489.27923223796  1.363461E-17
5491.24903524943  1.773675E-17
5493.2188382609  2.558044E-17
5495.18864127237  2.783245E-17
5497.15844428384  2.522850E-17
5499.12824729531  3.501867E-17
5501.09805030678  -4.397746E-18
5503.06785331825  -8.315556E-18
5505.03765632972  1.574858E-17
5507.00745934118  3.622018E-17
5508.97726235265  1.686145E-17
5510.94706536412  6.798904E-18
5512.91686837559  1.834074E-17
5514.88667138706  2.918198E-17
5516.85647439853  2.054541E-17
5518.82627741  2.369456E-17
5520.79608042147  1.928758E-17
5522.76588343294  3.816613E-17
5524.73568644441  3.770093E-17
5526.70548945588  3.967203E-17
5528.67529246735  -4.901998E-18
5530.64509547882  1.804087E-17
5532.61489849029  2.403192E-17
5534.58470150176  1.615833E-17
5536.55450451323  8.239669E-18
5538.5243075247  2.017611E-17
5540.49411053616  4.500503E-18
5542.46391354763  4.479082E-17
5544.4337165591  2.578687E-17
5546.40351957057  -7.257628E-19
5548.37332258204  2.627012E-18
5550.34312559351  1.561759E-17
5552.31292860498  3.245696E-17
5554.28273161645  3.176918E-17
5556.25253462792  5.512523E-18
5558.22233763939  9.891048E-18
5560.19214065086  8.940936E-18
5562.16194366233  2.177608E-17
5564.1317466738  1.929191E-17
5566.10154968527  1.493101E-17
5568.07135269674  2.822312E-17
5570.0411557082  2.082467E-17
5572.01095871968  1.111148E-17
5573.98076173114  2.901572E-17
5575.95056474261  2.870350E-17
5577.92036775408  2.379994E-17
5579.89017076555  2.398940E-17
5581.85997377702  6.171999E-18
5583.82977678849  2.305495E-17
5585.79957979996  2.191931E-17
5587.76938281143  2.978258E-17
5589.7391858229  2.527945E-17
5591.70898883437  1.337893E-17
5593.67879184584  7.732152E-18
5595.64859485731  2.398110E-17
5597.61839786878  2.775997E-17
5599.58820088025  2.350470E-17
5601.55800389172  2.758058E-17
5603.52780690319  1.837588E-17
5605.49760991466  2.649880E-17
5607.46741292612  1.333137E-17
5609.43721593759  3.306636E-17
5611.40701894906  3.594630E-17
5613.37682196053  1.375175E-17
5615.346624972  1.329645E-17
5617.31642798347  7.401162E-18
5619.28623099494  2.124783E-17
5621.25603400641  2.356921E-17
5623.22583701788  2.091437E-17
5625.19564002935  2.654511E-17
5627.16544304082  4.039558E-17
5629.13524605229  3.985121E-17
5631.10504906376  2.636324E-17
5633.07485207523  2.366002E-17
5635.0446550867  2.261479E-17
5637.01445809817  2.747894E-17
5638.98426110963  2.543585E-17
5640.95406412111  2.128107E-17
5642.92386713257  2.780028E-17
5644.89367014404  2.728105E-17
5646.86347315551  1.944247E-17
5648.83327616698  4.181528E-17
5650.80307917845  1.319827E-17
5652.77288218992  1.249669E-18
5654.74268520139  6.557961E-18
5656.71248821286  2.939583E-17
5658.68229122433  2.230003E-17
5660.6520942358  4.527118E-17
5662.62189724727  4.113107E-17
5664.59170025874  3.683793E-17
5666.56150327021  2.890654E-17
5668.53130628168  8.766447E-18
5670.50110929315  6.923997E-18
5672.47091230461  1.737011E-17
5674.44071531609  1.567220E-17
5676.41051832755  3.236531E-17
5678.38032133902  2.023577E-17
5680.35012435049  2.143892E-17
5682.31992736196  2.531119E-17
5684.28973037343  1.852991E-17
5686.2595333849  2.981671E-17
5688.22933639637  3.510647E-17
5690.19913940784  1.919075E-17
5692.16894241931  2.160014E-17
5694.13874543078  2.554986E-17
5696.10854844225  1.219351E-17
5698.07835145372  2.440524E-17
5700.04815446519  3.514673E-17
5702.01795747666  3.915787E-17
5703.98776048813  3.617457E-17
5705.95756349959  3.382525E-17
5707.92736651107  1.800657E-17
5709.89716952253  1.188177E-17
5711.866972534  1.820054E-17
5713.83677554547  2.739339E-17
5715.80657855694  9.264320E-18
5717.77638156841  1.976152E-17
5719.74618457988  2.551556E-17
5721.71598759135  1.047720E-17
5723.68579060282  2.644063E-17
5725.65559361429  2.689658E-17
5727.62539662576  4.198282E-17
5729.59519963723  2.118060E-17
5731.5650026487  2.751664E-17
5733.53480566017  2.855137E-17
5735.50460867164  1.690898E-17
5737.47441168311  1.259010E-17
5739.44421469457  7.354302E-18
5741.41401770604  1.171404E-17
5743.38382071751  2.375955E-17
5745.35362372898  3.007722E-17
5747.32342674045  1.421131E-17
5749.29322975192  1.800229E-17
5751.26303276339  3.349194E-17
5753.23283577486  2.622003E-17
5755.20263878633  2.584719E-17
5757.1724417978  5.074823E-17
5759.14224480927  4.942178E-17
5761.11204782074  2.735947E-17
5763.08185083221  3.329676E-17
5765.05165384368  3.644032E-17
5767.02145685515  5.081699E-17
5768.99125986662  4.198183E-17
5770.96106287809  2.843601E-17
5772.93086588955  1.607161E-17
5774.90066890102  2.682743E-17
5776.87047191249  3.844262E-17
5778.84027492396  2.255104E-17
5780.81007793543  2.045635E-17
5782.7798809469  2.655406E-17
5784.74968395837  2.012558E-17
5786.71948696984  2.262308E-17
5788.68928998131  1.696494E-17
5790.65909299278  3.161275E-17
5792.62889600425  3.159014E-17
5794.59869901572  2.966145E-17
5796.56850202719  4.526611E-17
5798.53830503866  1.885929E-17
5800.50810805013  2.278318E-17
5802.4779110616  1.868777E-17
5804.44771407307  1.955206E-17
5806.41751708454  2.715926E-17
5808.387320096  3.604884E-17
5810.35712310747  3.494137E-17
5812.32692611894  3.062413E-17
5814.29672913041  2.060841E-17
5816.26653214188  2.532126E-17
5818.23633515335  2.809786E-17
5820.20613816482  4.339343E-17
5822.17594117629  2.244341E-17
5824.14574418776  1.645943E-17
5826.11554719923  2.514279E-17
5828.0853502107  1.349167E-17
5830.05515322217  1.310114E-17
5832.02495623364  3.596908E-17
5833.99475924511  3.521161E-17
5835.96456225658  4.890352E-17
5837.93436526805  1.949154E-17
5839.90416827952  3.461478E-17
5841.87397129098  1.918492E-17
5843.84377430245  2.131262E-17
5845.81357731392  1.929277E-17
5847.78338032539  3.215737E-17
5849.75318333686  3.021140E-17
5851.72298634833  3.158747E-17
5853.6927893598  2.280761E-17
5855.66259237127  1.578581E-17
5857.63239538274  3.935268E-17
5859.60219839421  5.204785E-17
5861.57200140568  3.497586E-17
5863.54180441715  2.343374E-17
5865.51160742862  2.488368E-17
5867.48141044009  3.514211E-17
5869.45121345156  2.826298E-17
5871.42101646303  2.799628E-17
5873.3908194745  2.415577E-17
5875.36062248596  2.541777E-17
5877.33042549743  3.479611E-17
5879.3002285089  2.091088E-17
5881.27003152037  2.534749E-17
5883.23983453184  2.718734E-17
5885.20963754331  7.872665E-18
5887.17944055478  8.010106E-18
5889.14924356625  1.871329E-17
5891.11904657772  7.963526E-18
5893.08884958919  1.030192E-17
5895.05865260066  2.871016E-17
5897.02845561213  2.807408E-17
5898.9982586236  4.057905E-17
5900.96806163507  3.308052E-17
5902.93786464654  2.460226E-17
5904.90766765801  1.986835E-17
5906.87747066948  2.503956E-17
5908.84727368094  3.035004E-17
5910.81707669241  3.834060E-17
5912.78687970388  1.713051E-17
5914.75668271535  7.959694E-18
5916.72648572682  3.127593E-17
5918.69628873829  3.537977E-17
5920.66609174976  2.804727E-17
5922.63589476123  2.505911E-17
5924.6056977727  1.793812E-17
5926.57550078417  3.061379E-17
5928.54530379564  3.081123E-17
5930.51510680711  2.121810E-17
5932.48490981858  1.738983E-17
5934.45471283005  2.552966E-17
5936.42451584152  2.845393E-17
5938.39431885298  2.480785E-17
5940.36412186445  2.507665E-17
5942.33392487592  3.913183E-17
5944.30372788739  3.529057E-17
5946.27353089886  1.015540E-17
5948.24333391033  1.824409E-17
5950.2131369218  2.323047E-17
5952.18293993327  3.194602E-17
5954.15274294474  2.240119E-17
5956.12254595621  1.538052E-17
5958.09234896768  1.631464E-17
5960.06215197915  2.684661E-17
5962.03195499062  2.711381E-17
5964.00175800209  2.442198E-17
5965.97156101356  2.731402E-17
5967.94136402503  2.435034E-17
5969.9111670365  2.043805E-17
5971.88097004797  2.140865E-17
5973.85077305944  9.166467E-18
5975.8205760709  2.888809E-17
5977.79037908237  3.520749E-17
5979.76018209384  1.637042E-17
5981.72998510531  1.954080E-17
5983.69978811678  3.463550E-17
5985.66959112825  1.894168E-17
5987.63939413972  1.531471E-17
5989.60919715119  3.735710E-17
5991.57900016266  1.407213E-17
5993.54880317413  2.652139E-17
5995.5186061856  2.752257E-17
5997.48840919707  1.635436E-17
5999.45821220854  1.902669E-17
6001.42801522001  1.893804E-17
6003.39781823148  3.595487E-17
6005.36762124295  4.078428E-17
6007.33742425441  2.961145E-17
6009.30722726588  2.126076E-17
6011.27703027735  3.094523E-17
6013.24683328882  2.672986E-17
6015.21663630029  2.848715E-17
6017.18643931176  3.703413E-17
6019.15624232323  2.866957E-17
6021.1260453347  3.752315E-17
6023.09584834617  3.704472E-17
6025.06565135764  6.459919E-18
6027.03545436911  1.230079E-17
6029.00525738058  1.636747E-17
6030.97506039205  2.470464E-17
6032.94486340352  2.891132E-17
6034.91466641499  1.375480E-17
6036.88446942646  2.654000E-17
6038.85427243793  1.637642E-17
6040.8240754494  1.995328E-17
6042.79387846086  4.451914E-17
6044.76368147233  2.807080E-17
6046.7334844838  4.041792E-17
6048.70328749527  1.904634E-17
6050.67309050674  -2.698398E-18
6052.64289351821  3.501101E-17
6054.61269652968  4.047042E-17
6056.58249954115  4.274990E-17
6058.55230255262  3.229217E-17
6060.52210556409  3.415782E-17
6062.49190857556  2.621220E-17
6064.46171158703  1.654473E-17
6066.4315145985  3.287143E-17
6068.40131760997  1.876886E-17
6070.37112062144  1.937684E-17
6072.34092363291  2.244194E-17
6074.31072664437  1.053598E-17
6076.28052965584  2.668862E-17
6078.25033266732  2.846587E-17
6080.22013567878  2.636330E-17
6082.18993869025  2.005843E-17
6084.15974170172  2.499715E-17
6086.12954471319  9.798016E-18
6088.09934772466  1.084023E-17
6090.06915073613  2.945407E-17
6092.0389537476  2.172161E-17
6094.00875675907  3.613704E-17
6095.97855977054  2.286394E-17
6097.94836278201  3.012573E-17
6099.91816579348  4.158154E-17
6101.88796880495  2.530744E-17
6103.85777181642  1.968748E-17
6105.82757482788  3.390403E-17
6107.79737783936  2.796162E-17
6109.76718085083  3.321094E-17
6111.73698386229  1.736015E-17
6113.70678687376  1.678115E-17
6115.67658988523  3.188887E-17
6117.6463928967  3.831655E-17
6119.61619590817  2.625755E-17
6121.58599891964  3.057430E-17
6123.55580193111  2.726835E-17
6125.52560494258  2.505127E-17
6127.49540795405  2.756009E-17
6129.46521096552  3.395873E-17
6131.43501397699  1.997250E-17
6133.40481698846  2.220721E-17
6135.37461999993  1.940501E-17
6137.3444230114  1.891467E-17
6139.31422602287  1.661358E-17
6141.28402903434  2.177641E-17
6143.25383204581  2.088915E-17
6145.22363505727  1.594295E-17
6147.19343806874  3.232073E-17
6149.16324108021  3.834075E-17
6151.13304409168  4.178887E-17
6153.10284710315  3.177435E-17
6155.07265011462  3.359031E-17
6157.04245312609  4.337521E-17
6159.01225613756  3.249794E-17
6160.98205914903  4.369474E-17
6162.9518621605  3.661556E-17
6164.92166517197  2.303303E-17
6166.89146818344  4.289442E-17
6168.86127119491  3.926635E-17
6170.83107420638  1.745772E-17
6172.80087721785  2.304354E-17
6174.77068022932  3.257925E-17
6176.74048324079  2.242078E-17
6178.71028625225  3.448962E-17
6180.68008926372  2.753129E-17
6182.64989227519  5.197550E-17
6184.61969528666  4.896164E-17
6186.58949829813  1.958317E-17
6188.5593013096  2.284047E-17
6190.52910432107  1.176551E-17
6192.49890733254  3.914322E-17
6194.46871034401  2.797124E-17
6196.43851335548  1.791775E-17
6198.40831636695  2.324227E-17
6200.37811937842  2.556927E-17
6202.34792238989  1.928061E-17
6204.31772540135  2.070853E-17
6206.28752841283  3.281410E-17
6208.2573314243  3.591746E-17
6210.22713443576  2.490342E-17
6212.19693744723  3.844580E-17
6214.1667404587  2.408978E-17
6216.13654347017  3.887495E-17
6218.10634648164  3.040845E-17
6220.07614949311  1.134296E-17
6222.04595250458  1.933868E-17
6224.01575551605  2.993087E-17
6225.98555852752  3.294651E-17
6227.95536153899  3.374187E-17
6229.92516455046  3.892606E-17
6231.89496756193  1.876730E-17
6233.8647705734  1.440978E-17
6235.83457358487  2.808754E-17
6237.80437659634  2.846572E-17
6239.77417960781  9.424031E-18
6241.74398261928  1.353022E-17
6243.71378563075  6.961629E-17
6245.68358864221  1.998643E-17
6247.65339165368  1.533153E-17
6249.62319466515  3.262288E-17
6251.59299767662  2.695075E-17
6253.56280068809  1.084677E-17
6255.53260369956  2.254116E-17
6257.50240671103  2.321042E-17
6259.4722097225  1.046421E-17
6261.44201273397  2.286447E-17
6263.41181574544  4.457859E-17
6265.38161875691  2.869293E-17
6267.35142176838  2.566864E-17
6269.32122477985  1.648217E-17
6271.29102779132  4.902813E-17
6273.26083080279  2.568656E-17
6275.23063381426  3.755849E-17
6277.20043682573  4.716830E-17
6279.17023983719  2.519511E-17
6281.14004284866  2.094320E-17
6283.10984586013  1.472359E-17
6285.0796488716  2.789772E-17
6287.04945188307  1.983249E-17
6289.01925489454  1.308955E-17
6290.98905790601  2.007455E-17
6292.95886091748  2.560742E-17
6294.92866392895  4.162193E-17
6296.89846694042  2.506793E-17
6298.86826995189  2.386664E-17
6300.83807296336  2.614353E-17
6302.80787597483  5.162617E-17
6304.7776789863  4.795429E-17
6306.74748199777  2.274726E-17
6308.71728500924  3.701536E-17
6310.68708802071  4.215963E-17
6312.65689103217  3.348918E-17
6314.62669404364  3.659162E-17
6316.59649705511  2.949882E-17
6318.56630006658  3.081530E-17
6320.53610307805  2.764133E-17
6322.50590608952  2.445430E-17
6324.47570910099  5.344135E-17
6326.44551211246  6.536077E-17
6328.41531512393  5.216521E-17
6330.3851181354  3.371539E-17
6332.35492114687  3.231342E-17
6334.32472415834  3.834428E-17
6336.29452716981  4.715041E-17
6338.26433018128  2.726780E-17
6340.23413319275  3.994317E-17
6342.20393620421  2.880676E-17
6344.17373921569  2.600046E-17
6346.14354222715  4.395616E-17
6348.11334523862  3.783461E-17
6350.08314825009  3.722688E-17
6352.05295126156  3.274927E-17
6354.02275427303  3.446652E-17
6355.9925572845  2.726443E-17
6357.96236029597  3.783524E-17
6359.93216330744  2.903039E-17
6361.90196631891  4.198026E-17
6363.87176933038  4.961499E-17
6365.84157234185  3.204185E-17
6367.81137535332  3.289651E-17
6369.78117836479  3.971435E-17
6371.75098137626  2.495523E-17
6373.72078438773  2.052383E-17
6375.6905873992  2.931267E-17
6377.66039041066  3.968129E-17
6379.63019342213  3.106639E-17
6381.5999964336  4.097437E-17
6383.56979944507  4.311895E-17
6385.53960245654  1.708134E-17
6387.50940546801  3.068471E-17
6389.47920847948  2.899028E-17
6391.44901149095  1.106215E-17
6393.41881450242  1.262263E-17
6395.38861751389  3.062931E-17
6397.35842052536  2.018753E-17
6399.32822353683  9.045404E-18
6401.2980265483  2.316286E-17
6403.26782955977  2.502924E-17
6405.23763257124  3.406904E-17
6407.20743558271  2.914678E-17
6409.17723859418  3.860042E-17
6411.14704160564  1.700597E-17
6413.11684461711  1.924438E-17
6415.08664762858  2.556926E-17
6417.05645064005  1.259045E-17
6419.02625365152  1.835881E-17
6420.99605666299  4.572742E-17
6422.96585967446  2.814024E-17
6424.93566268593  2.807433E-17
6426.9054656974  3.163273E-17
6428.87526870887  3.748628E-17
6430.84507172034  3.228321E-17
6432.81487473181  2.312449E-17
6434.78467774328  3.799299E-17
6436.75448075475  3.582997E-17
6438.72428376622  3.582674E-17
6440.69408677769  4.270794E-17
6442.66388978916  5.893440E-17
6444.63369280062  2.660480E-17
6446.6034958121  2.452750E-17
6448.57329882356  3.209543E-17
6450.54310183503  3.299616E-17
6452.5129048465  3.450491E-17
6454.48270785797  3.751257E-17
6456.45251086944  5.192031E-17
6458.42231388091  3.365433E-17
6460.39211689238  2.454805E-17
6462.36191990385  1.963824E-17
6464.33172291532  2.559549E-17
6466.30152592679  2.509975E-17
6468.27132893826  3.868772E-17
6470.24113194973  3.996051E-17
6472.2109349612  2.679492E-17
6474.18073797267  4.665542E-17
6476.15054098413  3.045618E-17
6478.1203439956  4.119297E-17
6480.09014700707  4.323422E-17
6482.05995001854  3.067725E-17
6484.02975303001  3.217872E-17
6485.99955604148  2.870182E-17
6487.96935905295  4.892558E-17
6489.93916206442  2.626963E-17
6491.90896507589  2.437206E-17
6493.87876808736  1.394310E-17
6495.84857109883  1.586487E-17
6497.8183741103  1.877460E-17
6499.78817712177  2.455379E-17
6501.75798013324  2.618743E-17
6503.72778314471  2.048157E-17
6505.69758615618  2.655322E-17
6507.66738916765  3.351376E-17
6509.63719217911  3.995610E-17
6511.60699519058  4.251140E-17
6513.57679820205  2.016025E-17
6515.54660121353  2.473730E-17
6517.51640422499  2.588068E-17
6519.48620723646  3.697308E-17
6521.45601024793  2.811697E-17
6523.4258132594  2.927881E-17
6525.39561627087  4.100170E-17
6527.36541928234  3.637434E-17
6529.33522229381  2.343453E-17
6531.30502530528  1.947039E-17
6533.27482831675  3.063507E-17
6535.24463132822  2.697608E-17
6537.21443433969  3.087396E-17
6539.18423735116  2.607375E-17
6541.15404036263  3.728869E-17
6543.12384337409  2.531967E-17
6545.09364638557  2.971108E-17
6547.06344939703  5.161567E-17
6549.0332524085  2.765508E-17
6551.00305541997  2.854768E-17
6552.97285843144  2.453845E-17
6554.94266144291  2.554689E-17
6556.91246445438  3.047878E-17
6558.88226746585  3.987337E-17
6560.85207047732  3.112531E-17
6562.82187348879  2.557681E-17
6564.79167650026  3.504284E-17
6566.76147951173  3.979642E-17
6568.7312825232  2.955864E-17
6570.70108553467  3.062478E-17
6572.67088854614  2.553463E-17
6574.64069155761  2.717991E-17
6576.61049456907  4.484781E-17
6578.58029758054  5.481650E-17
6580.55010059202  4.433445E-17
6582.51990360348  3.308854E-17
6584.48970661495  2.689852E-17
6586.45950962642  3.759773E-17
6588.42931263789  3.364628E-17
6590.39911564936  2.881846E-17
6592.36891866083  1.976316E-17
6594.3387216723  2.493242E-17
6596.30852468377  4.229538E-17
6598.27832769524  2.967719E-17
6600.24813070671  2.584153E-17
6602.21793371818  3.072195E-17
6604.18773672965  4.626169E-17
6606.15753974112  4.008070E-17
6608.12734275259  2.461132E-17
6610.09714576406  3.329304E-17
6612.06694877552  3.507940E-17
6614.03675178699  2.606431E-17
6616.00655479846  1.848735E-17
6617.97635780993  2.856761E-17
6619.9461608214  3.169128E-17
6621.91596383287  3.068797E-17
6623.88576684434  2.141862E-17
6625.85556985581  3.828755E-17
6627.82537286728  2.770053E-17
6629.79517587875  3.127982E-17
6631.76497889022  3.247186E-17
6633.73478190169  3.678874E-17
6635.70458491316  2.990660E-17
6637.67438792463  3.431157E-17
6639.6441909361  3.532704E-17
6641.61399394756  1.783880E-17
6643.58379695904  4.529138E-17
6645.55359997051  3.916960E-17
6647.52340298197  3.676502E-17
6649.49320599344  3.023012E-17
6651.46300900491  3.426746E-17
6653.43281201638  3.653848E-17
6655.40261502785  3.216662E-17
6657.37241803932  3.140781E-17
6659.34222105079  2.646971E-17
6661.31202406226  3.580795E-17
6663.28182707373  2.291681E-17
6665.2516300852  2.954974E-17
6667.22143309667  2.437006E-17
6669.19123610814  3.478754E-17
6671.16103911961  2.558739E-17
6673.13084213108  3.507766E-17
6675.10064514255  3.652209E-17
6677.07044815402  3.055054E-17
6679.04025116548  2.653623E-17
6681.01005417695  3.802027E-17
6682.97985718842  2.374671E-17
6684.94966019989  2.367434E-17
6686.91946321136  2.645440E-17
6688.88926622283  3.633428E-17
6690.8590692343  3.144234E-17
6692.82887224577  3.090919E-17
6694.79867525724  2.745859E-17
6696.76847826871  2.918483E-17
6698.73828128018  1.141930E-17
6700.70808429165  2.092350E-17
6702.67788730312  4.347686E-17
6704.64769031459  2.017702E-17
6706.61749332606  4.102891E-17
6708.58729633753  3.137398E-17
6710.557099349  4.072019E-17
6712.52690236046  2.405515E-17
6714.49670537193  2.687134E-17
6716.4665083834  2.079016E-17
6718.43631139487  2.881801E-17
6720.40611440634  3.929093E-17
6722.37591741781  4.583556E-17
6724.34572042928  4.707249E-17
6726.31552344075  3.515278E-17
6728.28532645222  3.251785E-17
6730.25512946369  2.148167E-17
6732.22493247516  3.953939E-17
6734.19473548663  4.403212E-17
6736.1645384981  2.602944E-17
6738.13434150957  4.217749E-17
6740.10414452104  2.068857E-17
6742.07394753251  2.163139E-17
6744.04375054398  1.706919E-17
6746.01355355544  2.320030E-17
6747.98335656691  3.045833E-17
6749.95315957838  2.808700E-17
6751.92296258985  3.496483E-17
6753.89276560132  4.057191E-17
6755.86256861279  3.317664E-17
6757.83237162426  4.231936E-17
6759.80217463573  4.304761E-17
6761.7719776472  2.795500E-17
6763.74178065867  4.424817E-17
6765.71158367014  3.375945E-17
6767.68138668161  4.518175E-17
6769.65118969308  4.083517E-17
6771.62099270455  2.961878E-17
6773.59079571602  2.486533E-17
6775.56059872749  3.160252E-17
6777.53040173896  2.405260E-17
6779.50020475042  3.218199E-17
6781.47000776189  3.499633E-17
6783.43981077336  3.525439E-17
6785.40961378483  3.048575E-17
6787.3794167963  4.098737E-17
6789.34921980777  3.621684E-17
6791.31902281924  4.395950E-17
6793.28882583071  4.376901E-17
6795.25862884218  3.080769E-17
6797.22843185365  2.730203E-17
6799.19823486512  4.412109E-17
6801.16803787659  3.050510E-17
6803.13784088806  2.971434E-17
6805.10764389953  3.793556E-17
6807.077446911  3.795746E-17
6809.04724992247  2.843644E-17
6811.01705293393  2.695091E-17
6812.98685594541  4.238390E-17
6814.95665895687  3.033638E-17
6816.92646196835  4.021015E-17
6818.89626497981  2.965434E-17
6820.86606799128  3.786598E-17
6822.83587100275  3.101123E-17
6824.80567401422  3.417747E-17
6826.77547702569  3.104199E-17
6828.74528003716  3.476689E-17
6830.71508304863  3.463141E-17
6832.6848860601  3.187381E-17
6834.65468907157  3.428368E-17
6836.62449208304  3.040339E-17
6838.59429509451  4.019436E-17
6840.56409810598  3.328374E-17
6842.53390111745  2.973347E-17
6844.50370412891  3.641440E-17
6846.47350714039  4.026771E-17
6848.44331015185  3.690296E-17
6850.41311316332  3.136041E-17
6852.38291617479  4.085197E-17
6854.35271918626  4.309904E-17
6856.32252219773  3.158422E-17
6858.2923252092  3.352114E-17
6860.26212822067  3.254791E-17
6862.23193123214  4.561500E-17
6864.20173424361  5.085401E-17
6866.17153725508  3.776183E-17
6868.14134026655  3.290130E-17
6870.11114327802  3.691432E-17
6872.08094628949  3.527408E-17
6874.05074930096  3.115438E-17
6876.02055231243  4.584930E-17
6877.99035532389  3.027842E-17
6879.96015833536  2.806474E-17
6881.92996134683  3.368721E-17
6883.8997643583  2.284499E-17
6885.86956736977  4.095110E-17
6887.83937038124  3.537117E-17
6889.80917339271  2.500959E-17
6891.77897640418  2.654055E-17
6893.74877941565  2.926041E-17
6895.71858242712  2.139003E-17
6897.68838543859  4.279761E-17
6899.65818845006  3.252783E-17
6901.62799146153  2.598976E-17
6903.597794473  2.671430E-17
6905.56759748447  3.502474E-17
6907.53740049594  2.842796E-17
6909.50720350741  3.368934E-17
6911.47700651888  4.422480E-17
6913.44680953035  3.228945E-17
6915.41661254181  4.386523E-17
6917.38641555328  5.351755E-17
6919.35621856475  3.793253E-17
6921.32602157622  3.452841E-17
6923.29582458769  3.059061E-17
6925.26562759916  1.932937E-17
6927.23543061063  3.743703E-17
6929.2052336221  4.747399E-17
6931.17503663357  4.504810E-17
6933.14483964504  3.069200E-17
6935.11464265651  2.576882E-17
6937.08444566798  3.446538E-17
6939.05424867945  2.839035E-17
6941.02405169092  2.262374E-17
6942.99385470239  3.034411E-17
6944.96365771385  4.521870E-17
6946.93346072532  4.731372E-17
6948.9032637368  3.413928E-17
6950.87306674826  3.019286E-17
6952.84286975973  4.223450E-17
6954.8126727712  4.201554E-17
6956.78247578267  3.049948E-17
6958.75227879414  2.649908E-17
6960.72208180561  3.032769E-17
6962.69188481708  3.427035E-17
6964.66168782855  3.561418E-17
6966.63149084002  3.615152E-17
6968.60129385149  3.000570E-17
6970.57109686296  3.155608E-17
6972.54089987443  3.978044E-17
6974.5107028859  3.264296E-17
6976.48050589737  2.659007E-17
6978.45030890884  3.055318E-17
6980.4201119203  3.783218E-17
6982.38991493178  2.599551E-17
6984.35971794324  2.818152E-17
6986.32952095471  2.774877E-17
6988.29932396618  3.972149E-17
6990.26912697765  3.237578E-17
6992.23892998912  3.932123E-17
6994.20873300059  4.389691E-17
6996.17853601206  5.064902E-17
6998.14833902353  3.129015E-17
7000.118142035  3.846630E-17
7002.08794504647  5.442702E-17
7004.05774805794  4.747613E-17
7006.02755106941  4.167142E-17
7007.99735408088  3.970548E-17
7009.96715709235  2.949332E-17
7011.93696010382  2.609348E-17
7013.90676311529  2.630103E-17
7015.87656612676  3.650357E-17
7017.84636913822  3.560570E-17
7019.81617214969  4.327791E-17
7021.78597516116  4.470001E-17
7023.75577817263  3.025489E-17
7025.7255811841  4.420706E-17
7027.69538419557  5.285820E-17
7029.66518720704  3.776457E-17
7031.63499021851  3.257658E-17
7033.60479322998  3.687697E-17
7035.57459624145  4.930940E-17
7037.54439925292  3.979959E-17
7039.51420226439  4.251874E-17
7041.48400527586  3.975978E-17
7043.45380828733  3.063299E-17
7045.4236112988  4.259853E-17
7047.39341431026  3.172571E-17
7049.36321732173  4.064236E-17
7051.3330203332  5.304432E-17
7053.30282334467  3.514018E-17
7055.27262635614  4.023727E-17
7057.24242936761  3.608020E-17
7059.21223237908  5.558373E-17
7061.18203539055  4.502111E-17
7063.15183840202  4.673358E-17
7065.12164141349  4.017838E-17
7067.09144442496  4.310124E-17
7069.06124743643  3.905775E-17
7071.0310504479  3.611009E-17
7073.00085345937  3.351815E-17
7074.97065647084  4.041120E-17
7076.9404594823  3.924860E-17
7078.91026249378  4.167191E-17
7080.88006550525  3.255791E-17
7082.84986851672  3.937347E-17
7084.81967152818  4.522015E-17
7086.78947453965  5.308878E-17
7088.75927755112  3.169911E-17
7090.72908056259  2.140385E-17
7092.69888357406  4.206302E-17
7094.66868658553  3.155533E-17
7096.638489597  4.591389E-17
7098.60829260847  3.500368E-17
7100.57809561994  3.969569E-17
7102.54789863141  4.633484E-17
7104.51770164288  3.619016E-17
7106.48750465435  2.836965E-17
7108.45730766582  3.088755E-17
7110.42711067729  4.056173E-17
7112.39691368876  5.205329E-17
7114.36671670022  4.948841E-17
7116.33651971169  3.373544E-17
7118.30632272316  3.854237E-17
7120.27612573463  3.825144E-17
7122.2459287461  4.186181E-17
7124.21573175757  3.549138E-17
7126.18553476904  3.570774E-17
7128.15533778051  4.165988E-17
7130.12514079198  3.794855E-17
7132.09494380345  2.660964E-17
7134.06474681492  3.671909E-17
7136.03454982639  3.528418E-17
7138.00435283786  2.976785E-17
7139.97415584933  2.993626E-17
7141.9439588608  2.954279E-17
7143.91376187227  4.464597E-17
7145.88356488374  4.580631E-17
7147.85336789521  3.704740E-17
7149.82317090667  3.577351E-17
7151.79297391814  3.709081E-17
7153.76277692961  3.826454E-17
7155.73257994108  3.305468E-17
7157.70238295255  3.485135E-17
7159.67218596402  3.970090E-17
7161.64198897549  4.293035E-17
7163.61179198696  3.460766E-17
7165.58159499843  4.644795E-17
7167.5513980099  4.183647E-17
7169.52120102137  4.029022E-17
7171.49100403284  5.544609E-17
7173.46080704431  3.669083E-17
7175.43061005578  3.157831E-17
7177.40041306725  5.489370E-17
7179.37021607871  3.486031E-17
7181.34001909018  5.348580E-17
7183.30982210165  5.038781E-17
7185.27962511312  3.704310E-17
7187.24942812459  4.291588E-17
7189.21923113606  3.797371E-17
7191.18903414753  3.587571E-17
7193.158837159  4.093667E-17
7195.12864017047  3.883604E-17
7197.09844318194  3.415132E-17
7199.06824619341  4.180187E-17
7201.03804920488  3.624691E-17
7203.00785221635  4.301980E-17
7204.97765522782  4.482669E-17
7206.94745823929  4.342241E-17
7208.91726125076  4.377998E-17
7210.88706426223  3.732847E-17
7212.8568672737  3.363133E-17
7214.82667028517  3.121616E-17
7216.79647329663  4.907029E-17
7218.7662763081  4.760352E-17
7220.73607931957  3.753019E-17
7222.70588233104  5.255008E-17
7224.67568534251  4.835235E-17
7226.64548835398  4.452160E-17
7228.61529136545  4.717893E-17
7230.58509437692  5.573302E-17
7232.55489738839  5.240383E-17
7234.52470039986  3.658512E-17
7236.49450341133  5.082953E-17
7238.4643064228  5.284239E-17
7240.43410943427  3.562477E-17
7242.40391244574  4.061894E-17
7244.37371545721  4.101655E-17
7246.34351846867  4.167679E-17
7248.31332148014  4.574724E-17
7250.28312449162  4.590914E-17
7252.25292750308  3.996883E-17
7254.22273051455  2.953659E-17
7256.19253352602  3.466666E-17
7258.16233653749  4.044623E-17
7260.13213954896  4.786763E-17
7262.10194256043  4.022849E-17
7264.0717455719  3.954338E-17
7266.04154858337  2.873695E-17
7268.01135159484  3.831257E-17
7269.98115460631  3.795242E-17
7271.95095761778  3.550901E-17
7273.92076062925  4.634962E-17
7275.89056364072  4.691016E-17
7277.86036665219  3.579103E-17
7279.83016966366  3.310120E-17
7281.79997267512  4.036681E-17
7283.76977568659  3.817313E-17
7285.73957869806  3.533541E-17
7287.70938170953  4.368023E-17
7289.679184721  3.256007E-17
7291.64898773247  4.990756E-17
7293.61879074394  4.377375E-17
7295.58859375541  2.691427E-17
7297.55839676688  3.601080E-17
7299.52819977835  3.942500E-17
7301.49800278982  5.352143E-17
7303.46780580129  4.314186E-17
7305.43760881276  3.150515E-17
7307.40741182423  3.538952E-17
7309.3772148357  4.337801E-17
7311.34701784717  5.355883E-17
7313.31682085864  4.297984E-17
7315.2866238701  5.214182E-17
7317.25642688158  5.555798E-17
7319.22622989304  5.656476E-17
7321.19603290451  3.760595E-17
7323.16583591598  4.757036E-17
7325.13563892745  3.767917E-17
7327.10544193892  2.504251E-17
7329.07524495039  4.211995E-17
7331.04504796186  3.352492E-17
7333.01485097333  4.817852E-17
7334.9846539848  4.256416E-17
7336.95445699627  4.363382E-17
7338.92426000774  2.788147E-17
7340.89406301921  4.257047E-17
7342.86386603068  4.689152E-17
7344.83366904215  4.342779E-17
7346.80347205362  3.777865E-17
7348.77327506509  4.224532E-17
7350.74307807655  4.688319E-17
7352.71288108802  4.484173E-17
7354.68268409949  5.303629E-17
7356.65248711096  4.183519E-17
7358.62229012243  3.779179E-17
7360.5920931339  5.340211E-17
7362.56189614537  4.896355E-17
7364.53169915684  3.625870E-17
7366.50150216831  2.988765E-17
7368.47130517978  4.371175E-17
7370.44110819125  5.288508E-17
7372.41091120272  3.899841E-17
7374.38071421419  4.537280E-17
7376.35051722566  3.929669E-17
7378.32032023713  4.338019E-17
7380.29012324859  5.384742E-17
7382.25992626006  4.615758E-17
7384.22972927153  5.116224E-17
7386.19953228301  4.156262E-17
7388.16933529447  3.566540E-17
7390.13913830594  4.401044E-17
7392.10894131741  4.262230E-17
7394.07874432888  4.064527E-17
7396.04854734035  5.979763E-17
7398.01835035182  4.991257E-17
7399.98815336329  4.680512E-17
7401.95795637476  2.808394E-17
7403.92775938623  4.673000E-17
7405.8975623977  4.128495E-17
7407.86736540917  3.565688E-17
7409.83716842064  5.705191E-17
7411.80697143211  5.477171E-17
7413.77677444357  5.531612E-17
7415.74657745505  4.380098E-17
7417.71638046651  6.631914E-17
7419.68618347798  5.376012E-17
7421.65598648945  4.801364E-17
7423.62578950092  5.678703E-17
7425.59559251239  4.409786E-17
7427.56539552386  4.059262E-17
7429.53519853533  4.806032E-17
7431.5050015468  4.645808E-17
7433.47480455827  5.889843E-17
7435.44460756974  4.780437E-17
7437.41441058121  3.309874E-17
7439.38421359268  3.811456E-17
7441.35401660415  5.434809E-17
7443.32381961562  5.114601E-17
7445.29362262709  3.991483E-17
7447.26342563856  3.770389E-17
7449.23322865003  4.274023E-17
7451.2030316615  4.135570E-17
7453.17283467296  6.771825E-17
7455.14263768443  4.416446E-17
7457.1124406959  4.854926E-17
7459.08224370737  4.802536E-17
7461.05204671884  4.978667E-17
7463.02184973031  4.638545E-17
7464.99165274178  4.172805E-17
7466.96145575325  3.839582E-17
7468.93125876472  4.118498E-17
7470.90106177619  3.290195E-17
7472.87086478766  3.725053E-17
7474.84066779913  4.879097E-17
7476.8104708106  4.777881E-17
7478.78027382207  4.664378E-17
7480.75007683354  4.757833E-17
7482.71987984501  4.535119E-17
7484.68968285647  2.983643E-17
7486.65948586794  3.464588E-17
7488.62928887941  4.351103E-17
7490.59909189088  4.788441E-17
7492.56889490235  4.666704E-17
7494.53869791382  4.225564E-17
7496.50850092529  4.323267E-17
7498.47830393676  5.495040E-17
7500.44810694823  4.979147E-17
7502.4179099597  4.257806E-17
7504.38771297117  4.926365E-17
7506.35751598264  4.698212E-17
7508.32731899411  3.963216E-17
7510.29712200558  4.243278E-17
7512.26692501704  4.742837E-17
7514.23672802852  4.322685E-17
7516.20653103999  3.071221E-17
7518.17633405145  4.289989E-17
7520.14613706292  5.005515E-17
7522.11594007439  3.961236E-17
7524.08574308586  5.171071E-17
7526.05554609733  4.154892E-17
7528.0253491088  5.266690E-17
7529.99515212027  5.428218E-17
7531.96495513174  3.512527E-17
7533.93475814321  3.968236E-17
7535.90456115468  5.344449E-17
7537.87436416615  4.733753E-17
7539.84416717762  4.147476E-17
7541.81397018909  5.050279E-17
7543.78377320056  4.314270E-17
7545.75357621203  5.504286E-17
7547.7233792235  6.062400E-17
7549.69318223497  6.080590E-17
7551.66298524643  5.052086E-17
7553.6327882579  5.221892E-17
7555.60259126938  5.437370E-17
7557.57239428084  4.606295E-17
7559.54219729231  5.607089E-17
7561.51200030378  4.108613E-17
7563.48180331525  4.221732E-17
7565.45160632672  5.288084E-17
7567.42140933819  5.304096E-17
7569.39121234966  5.307910E-17
7571.36101536113  5.299268E-17
7573.3308183726  5.404878E-17
7575.30062138407  3.394167E-17
7577.27042439554  4.376174E-17
7579.24022740701  6.081040E-17
7581.21003041848  5.019670E-17
7583.17983342995  4.988580E-17
7585.14963644142  5.063854E-17
7587.11943945288  3.746169E-17
7589.08924246435  5.152879E-17
7591.05904547582  5.702508E-17
7593.02884848729  5.116356E-17
7594.99865149876  4.573964E-17
7596.96845451023  6.028429E-17
7598.9382575217  5.563528E-17
7600.90806053317  5.445093E-17
7602.87786354464  5.590510E-17
7604.84766655611  7.700269E-17
7606.81746956758  5.452513E-17
7608.78727257905  5.453520E-17
7610.75707559052  4.482342E-17
7612.72687860199  4.106488E-17
7614.69668161346  3.500624E-17
7616.66648462492  3.361752E-17
7618.6362876364  2.732484E-17
7620.60609064786  3.483687E-17
7622.57589365933  4.179815E-17
7624.5456966708  5.371337E-17
7626.51549968227  5.630843E-17
7628.48530269374  4.412828E-17
7630.45510570521  5.568344E-17
7632.42490871668  3.801949E-17
7634.39471172815  2.762215E-17
7636.36451473962  3.662214E-17
7638.33431775109  4.994820E-17
7640.30412076256  6.336920E-17
7642.27392377403  6.032418E-17
7644.2437267855  4.373847E-17
7646.21352979697  4.231822E-17
7648.18333280844  5.851022E-17
7650.1531358199  5.082404E-17
7652.12293883137  5.265012E-17
7654.09274184284  5.355736E-17
7656.06254485431  5.448692E-17
7658.03234786578  5.158438E-17
7660.00215087725  4.904939E-17
7661.97195388872  4.429512E-17
7663.94175690019  4.340031E-17
7665.91155991166  3.180539E-17
7667.88136292313  2.837276E-17
7669.8511659346  3.689627E-17
7671.82096894607  5.610002E-17
7673.79077195754  6.118280E-17
7675.76057496901  2.169897E-17
7677.73037798048  4.674565E-17
7679.70018099195  5.488684E-17
7681.66998400342  3.062262E-17
7683.63978701489  2.977581E-17
7685.60959002635  5.686158E-17
7687.57939303783  4.323826E-17
7689.54919604929  3.407957E-17
7691.51899906076  3.430976E-17
7693.48880207223  4.294424E-17
7695.4586050837  5.371478E-17
7697.42840809517  5.578739E-17
7699.39821110664  3.680476E-17
7701.36801411811  4.754118E-17
7703.33781712958  5.758266E-17
7705.30762014105  2.705786E-17
7707.27742315252  5.404171E-17
7709.24722616399  4.500131E-17
7711.21702917546  3.214446E-17
7713.18683218693  2.726936E-17
7715.1566351984  7.209612E-17
7717.12643820987  4.414564E-17
7719.09624122133  5.235367E-17
7721.0660442328  4.508092E-17
7723.03584724427  6.036767E-17
7725.00565025574  3.960371E-17
7726.97545326721  5.275297E-17
7728.94525627868  4.465071E-17
7730.91505929015  3.918721E-17
7732.88486230162  5.353509E-17
7734.85466531309  6.692704E-17
7736.82446832456  5.925088E-17
7738.79427133603  6.013176E-17
7740.7640743475  4.307658E-17
7742.73387735897  4.734229E-17
7744.70368037044  4.294226E-17
7746.67348338191  4.906266E-17
7748.64328639337  7.297399E-17
7750.61308940484  4.947598E-17
7752.58289241632  3.744881E-17
7754.55269542778  4.083524E-17
7756.52249843925  6.139442E-17
7758.49230145072  6.808035E-17
7760.46210446219  5.837912E-17
7762.43190747366  7.016397E-17
7764.40171048513  5.535402E-17
7766.3715134966  5.716555E-17
7768.34131650807  3.503434E-17
7770.31111951954  6.867784E-17
7772.28092253101  7.503525E-17
7774.25072554248  5.036311E-17
7776.22052855395  4.240927E-17
7778.19033156542  4.979217E-17
7780.16013457689  5.679754E-17
7782.12993758836  7.101547E-17
7784.09974059983  6.530789E-17
7786.0695436113  5.151085E-17
7788.03934662276  7.415418E-17
7790.00914963423  5.859642E-17
7791.9789526457  3.014927E-17
7793.94875565717  3.204717E-17
7795.91855866864  5.502943E-17
7797.88836168011  4.595536E-17
7799.85816469158  6.957993E-17
7801.82796770305  4.801246E-17
7803.79777071452  5.721830E-17
7805.76757372599  5.420346E-17
7807.73737673746  5.970381E-17
7809.70717974893  6.143872E-17
7811.6769827604  5.490614E-17
7813.64678577187  3.716070E-17
7815.61658878334  5.329455E-17
7817.58639179481  4.794510E-17
7819.55619480627  3.857023E-17
7821.52599781774  4.935254E-17
7823.49580082921  6.215712E-17
7825.46560384068  5.679292E-17
7827.43540685215  4.326379E-17
7829.40520986362  3.865835E-17
7831.37501287509  4.445837E-17
7833.34481588656  4.265624E-17
7835.31461889803  3.290723E-17
7837.2844219095  4.555064E-17
7839.25422492097  3.752048E-17
7841.22402793244  5.947402E-17
7843.19383094391  5.136328E-17
7845.16363395538  4.969040E-17
7847.13343696685  6.196734E-17
7849.10323997832  6.864729E-17
7851.07304298978  5.992542E-17
7853.04284600125  5.136384E-17
7855.01264901272  5.657680E-17
7856.98245202419  5.723493E-17
7858.95225503566  4.852089E-17
7860.92205804713  5.757206E-17
7862.8918610586  5.718857E-17
7864.86166407007  3.463132E-17
7866.83146708154  4.268320E-17
7868.80127009301  4.086375E-17
7870.77107310448  6.343974E-17
7872.74087611595  5.194810E-17
7874.71067912742  4.874405E-17
7876.68048213889  5.645974E-17
7878.65028515036  3.414363E-17
7880.62008816183  4.571080E-17
7882.5898911733  4.299971E-17
7884.55969418477  4.995193E-17
7886.52949719623  5.200506E-17
7888.4993002077  5.677493E-17
7890.46910321917  3.339422E-17
7892.43890623064  4.302053E-17
7894.40870924211  4.828036E-17
7896.37851225358  4.557460E-17
7898.34831526505  4.863749E-17
7900.31811827652  3.857586E-17
7902.28792128799  4.991207E-17
7904.25772429946  4.686371E-17
7906.22752731093  3.413591E-17
7908.1973303224  4.610770E-17
7910.16713333387  5.575408E-17
7912.13693634534  4.090937E-17
7914.10673935681  4.945387E-17
7916.07654236828  5.271082E-17
7918.04634537975  4.035114E-17
7920.01614839121  4.551226E-17
7921.98595140268  6.662792E-17
7923.95575441415  4.062260E-17
7925.92555742562  4.455353E-17
7927.89536043709  5.017313E-17
7929.86516344856  4.051067E-17
7931.83496646003  3.830984E-17
7933.8047694715  3.410455E-17
7935.77457248297  2.949142E-17
7937.74437549444  4.486803E-17
7939.71417850591  4.613630E-17
7941.68398151738  4.684461E-17
7943.65378452885  3.990063E-17
7945.62358754032  3.909417E-17
7947.59339055179  3.225961E-17
7949.56319356326  3.762575E-17
7951.53299657473  6.211154E-17
7953.5027995862  3.265673E-17
7955.47260259766  4.142779E-17
7957.44240560913  4.617322E-17
7959.4122086206  4.639238E-17
7961.38201163207  4.647988E-17
7963.35181464354  3.522303E-17
7965.32161765501  3.461442E-17
7967.29142066648  3.767685E-17
7969.26122367795  4.931735E-17
7971.23102668942  5.765436E-17
7973.20082970089  4.854080E-17
7975.17063271236  4.693053E-17
