3961.45504243709  1.366801E-16
3963.41572504272  1.655537E-16
3965.37640764835  1.982760E-16
3967.33709025398  1.653205E-16
3969.29777285961  1.682923E-16
3971.25845546524  1.829856E-16
3973.21913807086  1.763191E-16
3975.17982067649  1.943247E-16
3977.14050328212  2.062860E-16
3979.10118588775  2.074604E-16
3981.06186849338  1.427870E-16
3983.022551099  1.852440E-16
3984.98323370463  2.085101E-16
3986.94391631026  2.027814E-16
3988.90459891589  2.000353E-16
3990.86528152152  2.048499E-16
3992.82596412715  2.142450E-16
3994.78664673277  2.344306E-16
3996.7473293384  1.772270E-16
3998.70801194403  1.856762E-16
4000.66869454966  2.164835E-16
4002.62937715529  2.220878E-16
4004.59005976092  2.150282E-16
4006.55074236654  2.076556E-16
4008.51142497217  1.820188E-16
4010.4721075778  1.938669E-16
4012.43279018343  1.781288E-16
4014.39347278906  1.789896E-16
4016.35415539468  2.159083E-16
4018.31483800031  2.064624E-16
4020.27552060594  1.751497E-16
4022.23620321157  2.100621E-16
4024.1968858172  1.795964E-16
4026.15756842283  1.806399E-16
4028.11825102845  1.784821E-16
4030.07893363408  1.978104E-16
4032.03961623971  2.054788E-16
4034.00029884534  2.090821E-16
4035.96098145097  1.727275E-16
4037.92166405659  1.753678E-16
4039.88234666222  2.086824E-16
4041.84302926785  1.932963E-16
4043.80371187348  2.106000E-16
4045.76439447911  2.340535E-16
4047.72507708474  2.013189E-16
4049.68575969037  2.063082E-16
4051.64644229599  2.226614E-16
4053.60712490162  2.490337E-16
4055.56780750725  2.083675E-16
4057.52849011288  2.073560E-16
4059.48917271851  2.155016E-16
4061.44985532414  2.204456E-16
4063.41053792976  2.049697E-16
4065.37122053539  2.262827E-16
4067.33190314102  2.209879E-16
4069.29258574665  2.156334E-16
4071.25326835228  2.251127E-16
4073.2139509579  1.861866E-16
4075.17463356353  2.033667E-16
4077.13531616916  2.205600E-16
4079.09599877479  1.958873E-16
4081.05668138042  1.917454E-16
4083.01736398604  2.005138E-16
4084.97804659167  1.985646E-16
4086.9387291973  1.932897E-16
4088.89941180293  2.054992E-16
4090.86009440856  2.375262E-16
4092.82077701419  2.080521E-16
4094.78145961981  2.007117E-16
4096.74214222544  2.006599E-16
4098.70282483107  2.021819E-16
4100.6635074367  1.967757E-16
4102.62419004233  1.954664E-16
4104.58487264796  2.266472E-16
4106.54555525358  2.315160E-16
4108.50623785921  2.262337E-16
4110.46692046484  2.090977E-16
4112.42760307047  2.016188E-16
4114.3882856761  1.912859E-16
4116.34896828173  2.015953E-16
4118.30965088735  2.100425E-16
4120.27033349298  2.161216E-16
4122.23101609861  2.088887E-16
4124.19169870424  2.079526E-16
4126.15238130987  2.364172E-16
4128.11306391549  2.458086E-16
4130.07374652112  1.969724E-16
4132.03442912675  2.101615E-16
4133.99511173238  2.041261E-16
4135.95579433801  2.103831E-16
4137.91647694364  2.295006E-16
4139.87715954926  2.221411E-16
4141.83784215489  1.843778E-16
4143.79852476052  1.959436E-16
4145.75920736615  2.074375E-16
4147.71988997178  1.943084E-16
4149.6805725774  2.050123E-16
4151.64125518303  2.207039E-16
4153.60193778866  2.257060E-16
4155.56262039429  2.104976E-16
4157.52330299992  2.208076E-16
4159.48398560555  2.309667E-16
4161.44466821118  2.225783E-16
4163.4053508168  2.058929E-16
4165.36603342243  1.941297E-16
4167.32671602806  2.031821E-16
4169.28739863369  2.322710E-16
4171.24808123932  2.077872E-16
4173.20876384494  1.898721E-16
4175.16944645057  2.193962E-16
4177.1301290562  2.041640E-16
4179.09081166183  2.050124E-16
4181.05149426746  2.125091E-16
4183.01217687309  2.238965E-16
4184.97285947871  2.242613E-16
4186.93354208434  1.961980E-16
4188.89422468997  1.879086E-16
4190.8549072956  2.134878E-16
4192.81558990123  2.469589E-16
4194.77627250686  2.252798E-16
4196.73695511248  2.240238E-16
4198.69763771811  2.085379E-16
4200.65832032374  2.021533E-16
4202.61900292937  2.221021E-16
4204.579685535  2.180139E-16
4206.54036814062  1.948894E-16
4208.50105074625  2.274319E-16
4210.46173335188  2.117595E-16
4212.42241595751  2.062942E-16
4214.38309856314  1.983824E-16
4216.34378116877  2.232306E-16
4218.3044637744  2.121873E-16
4220.26514638002  2.033339E-16
4222.22582898565  2.137462E-16
4224.18651159128  2.132926E-16
4226.14719419691  2.233331E-16
4228.10787680253  2.183824E-16
4230.06855940816  2.111090E-16
4232.02924201379  2.157419E-16
4233.98992461942  2.215078E-16
4235.95060722505  2.274566E-16
4237.91128983068  1.979565E-16
4239.87197243631  1.566879E-16
4241.83265504193  1.747555E-16
4243.79333764756  2.243019E-16
4245.75402025319  2.192598E-16
4247.71470285882  2.079386E-16
4249.67538546445  2.158853E-16
4251.63606807007  2.175601E-16
4253.5967506757  2.318368E-16
4255.55743328133  2.169620E-16
4257.51811588696  2.184670E-16
4259.47879849259  2.110530E-16
4261.43948109822  2.393162E-16
4263.40016370384  2.289931E-16
4265.36084630947  2.296030E-16
4267.3215289151  2.135862E-16
4269.28221152073  2.075187E-16
4271.24289412636  2.241494E-16
4273.20357673199  2.292510E-16
4275.16425933761  2.133781E-16
4277.12494194324  2.195645E-16
4279.08562454887  2.184355E-16
4281.0463071545  1.763683E-16
4283.00698976013  1.911545E-16
4284.96767236575  2.190468E-16
4286.92835497138  2.239809E-16
4288.88903757701  2.384436E-16
4290.84972018264  2.267440E-16
4292.81040278827  2.055222E-16
4294.7710853939  2.162682E-16
4296.73176799952  2.316853E-16
4298.69245060515  2.263385E-16
4300.65313321078  1.899506E-16
4302.61381581641  2.043645E-16
4304.57449842204  2.201178E-16
4306.53518102766  2.161970E-16
4308.49586363329  2.435467E-16
4310.45654623892  2.372622E-16
4312.41722884455  1.868515E-16
4314.37791145018  2.310500E-16
4316.3385940558  2.318429E-16
4318.29927666143  2.396909E-16
4320.25995926706  2.451321E-16
4322.22064187269  2.342352E-16
4324.18132447832  2.232583E-16
4326.14200708395  2.228659E-16
4328.10268968958  2.295681E-16
4330.0633722952  2.354655E-16
4332.02405490083  2.264518E-16
4333.98473750646  2.240300E-16
4335.94542011209  2.239582E-16
4337.90610271772  2.258786E-16
4339.86678532335  2.279909E-16
4341.82746792897  2.170690E-16
4343.7881505346  2.136169E-16
4345.74883314023  2.141736E-16
4347.70951574586  2.124482E-16
4349.67019835149  2.144605E-16
4351.63088095712  2.153208E-16
4353.59156356274  2.149727E-16
4355.55224616837  2.248548E-16
4357.512928774  1.959251E-16
4359.47361137963  2.152532E-16
4361.43429398526  2.168664E-16
4363.39497659088  2.150905E-16
4365.35565919651  1.988082E-16
4367.31634180214  2.124572E-16
4369.27702440777  2.167897E-16
4371.2377070134  2.045074E-16
4373.19838961902  2.273615E-16
4375.15907222465  2.315903E-16
4377.11975483028  1.982966E-16
4379.08043743591  1.864974E-16
4381.04112004154  1.959309E-16
4383.00180264717  2.447782E-16
4384.96248525279  2.383899E-16
4386.92316785842  2.266057E-16
4388.88385046405  2.426404E-16
4390.84453306968  2.437019E-16
4392.80521567531  2.024965E-16
4394.76589828094  2.160503E-16
4396.72658088656  2.389477E-16
4398.68726349219  2.193959E-16
4400.64794609782  2.139290E-16
4402.60862870345  2.457825E-16
4404.56931130908  2.361559E-16
4406.52999391471  2.145987E-16
4408.49067652033  2.240375E-16
4410.45135912596  2.275588E-16
4412.41204173159  2.227763E-16
4414.37272433722  2.084601E-16
4416.33340694285  2.076991E-16
4418.29408954847  2.276746E-16
4420.2547721541  2.371347E-16
4422.21545475973  2.277731E-16
4424.17613736536  2.216858E-16
4426.13681997099  2.113255E-16
4428.09750257661  2.347306E-16
4430.05818518224  2.616188E-16
4432.01886778787  2.316378E-16
4433.9795503935  2.122028E-16
4435.94023299913  2.090192E-16
4437.90091560476  2.464349E-16
4439.86159821039  2.336277E-16
4441.82228081601  2.181618E-16
4443.78296342164  2.577745E-16
4445.74364602727  2.554693E-16
4447.7043286329  2.174285E-16
4449.66501123853  2.511672E-16
4451.62569384415  2.517359E-16
4453.58637644978  2.394673E-16
4455.54705905541  2.437902E-16
4457.50774166104  2.290770E-16
4459.46842426667  2.225124E-16
4461.4291068723  2.348419E-16
4463.38978947792  2.451906E-16
4465.35047208355  2.386353E-16
4467.31115468918  2.458947E-16
4469.27183729481  2.443082E-16
4471.23251990044  2.438939E-16
4473.19320250607  2.329339E-16
4475.15388511169  2.160637E-16
4477.11456771732  2.074888E-16
4479.07525032295  2.302237E-16
4481.03593292858  2.378306E-16
4482.99661553421  2.320250E-16
4484.95729813983  2.310837E-16
4486.91798074546  2.307554E-16
4488.87866335109  2.314319E-16
4490.83934595672  2.392993E-16
4492.80002856235  2.376156E-16
4494.76071116798  2.434129E-16
4496.7213937736  2.483118E-16
4498.68207637923  2.511138E-16
4500.64275898486  2.315500E-16
4502.60344159049  2.380190E-16
4504.56412419612  2.276347E-16
4506.52480680174  2.457853E-16
4508.48548940737  2.213776E-16
4510.446172013  2.265627E-16
4512.40685461863  2.350408E-16
4514.36753722426  2.447406E-16
4516.32821982989  2.358254E-16
4518.28890243552  2.315375E-16
4520.24958504114  2.317292E-16
4522.21026764677  2.542143E-16
4524.1709502524  2.357220E-16
4526.13163285803  2.303819E-16
4528.09231546366  2.433871E-16
4530.05299806928  2.161260E-16
4532.01368067491  2.231647E-16
4533.97436328054  2.420814E-16
4535.93504588617  2.381132E-16
4537.8957284918  2.378300E-16
4539.85641109743  2.151931E-16
4541.81709370305  2.227797E-16
4543.77777630868  2.206079E-16
4545.73845891431  2.486847E-16
4547.69914151994  2.327364E-16
4549.65982412557  2.289832E-16
4551.6205067312  2.324705E-16
4553.58118933682  2.375808E-16
4555.54187194245  2.389447E-16
4557.50255454808  2.286016E-16
4559.46323715371  2.231340E-16
4561.42391975934  2.272230E-16
4563.38460236496  2.437471E-16
4565.34528497059  2.428507E-16
4567.30596757622  2.395269E-16
4569.26665018185  2.211839E-16
4571.22733278748  2.135862E-16
4573.18801539311  2.036491E-16
4575.14869799873  2.219931E-16
4577.10938060436  2.514775E-16
4579.07006320999  2.363993E-16
4581.03074581562  2.353013E-16
4582.99142842125  2.499444E-16
4584.95211102688  2.411375E-16
4586.9127936325  2.263815E-16
4588.87347623813  2.250554E-16
4590.83415884376  2.469762E-16
4592.79484144939  2.289057E-16
4594.75552405501  2.152327E-16
4596.71620666064  2.291579E-16
4598.67688926627  2.500724E-16
4600.6375718719  2.151952E-16
4602.59825447753  2.322549E-16
4604.55893708316  2.317607E-16
4606.51961968879  2.141210E-16
4608.48030229441  2.213755E-16
4610.44098490004  2.241656E-16
4612.40166750567  2.275946E-16
4614.3623501113  2.272238E-16
4616.32303271693  2.248379E-16
4618.28371532256  2.317911E-16
4620.24439792818  2.490391E-16
4622.20508053381  2.387908E-16
4624.16576313944  2.357288E-16
4626.12644574507  2.263359E-16
4628.0871283507  2.317771E-16
4630.04781095632  2.180114E-16
4632.00849356195  2.311712E-16
4633.96917616758  2.278548E-16
4635.92985877321  2.183355E-16
4637.89054137884  2.426827E-16
4639.85122398447  2.376038E-16
4641.81190659009  2.227752E-16
4643.77258919572  2.233753E-16
4645.73327180135  2.423914E-16
4647.69395440698  2.623280E-16
4649.65463701261  2.472447E-16
4651.61531961823  2.411790E-16
4653.57600222386  2.414625E-16
4655.53668482949  2.528602E-16
4657.49736743512  2.132822E-16
4659.45805004075  2.192864E-16
4661.41873264638  2.533964E-16
4663.37941525201  2.361432E-16
4665.34009785763  2.258189E-16
4667.30078046326  2.470982E-16
4669.26146306889  2.551644E-16
4671.22214567452  2.349613E-16
4673.18282828015  2.355432E-16
4675.14351088577  2.456605E-16
4677.1041934914  2.479812E-16
4679.06487609703  2.311215E-16
4681.02555870266  2.292339E-16
4682.98624130829  2.161912E-16
4684.94692391392  2.377430E-16
4686.90760651954  2.643795E-16
4688.86828912517  2.282187E-16
4690.8289717308  2.152869E-16
4692.78965433643  2.256558E-16
4694.75033694206  2.395948E-16
4696.71101954768  2.366294E-16
4698.67170215331  2.401767E-16
4700.63238475894  2.469449E-16
4702.59306736457  2.441557E-16
4704.5537499702  2.455381E-16
4706.51443257583  2.199274E-16
4708.47511518145  2.050420E-16
4710.43579778708  2.312214E-16
4712.39648039271  2.337903E-16
4714.35716299834  2.230817E-16
4716.31784560397  2.463253E-16
4718.2785282096  2.428855E-16
4720.23921081522  2.402771E-16
4722.19989342085  2.141752E-16
4724.16057602648  2.320421E-16
4726.12125863211  2.640557E-16
4728.08194123774  2.543744E-16
4730.04262384336  2.383815E-16
4732.00330644899  2.406210E-16
4733.96398905462  2.267819E-16
4735.92467166025  2.241814E-16
4737.88535426588  2.458237E-16
4739.84603687151  2.193546E-16
4741.80671947713  2.404139E-16
4743.76740208276  2.407143E-16
4745.72808468839  2.357277E-16
4747.68876729402  2.394227E-16
4749.64944989965  2.516351E-16
4751.61013250528  2.359969E-16
4753.5708151109  2.381226E-16
4755.53149771653  2.471274E-16
4757.49218032216  2.501790E-16
4759.45286292779  2.442769E-16
4761.41354553342  2.418522E-16
4763.37422813904  2.554313E-16
4765.33491074467  2.438297E-16
4767.2955933503  2.351664E-16
4769.25627595593  2.431907E-16
4771.21695856156  2.364507E-16
4773.17764116719  2.232270E-16
4775.13832377282  2.374898E-16
4777.09900637844  2.418724E-16
4779.05968898407  2.555676E-16
4781.0203715897  2.702545E-16
4782.98105419533  2.612109E-16
4784.94173680096  2.395620E-16
4786.90241940658  2.265930E-16
4788.86310201221  2.451706E-16
4790.82378461784  2.433638E-16
4792.78446722347  2.559916E-16
4794.7451498291  2.491624E-16
4796.70583243473  2.360766E-16
4798.66651504035  2.242839E-16
4800.62719764598  2.211073E-16
4802.58788025161  2.201782E-16
4804.54856285724  2.336595E-16
4806.50924546287  2.271877E-16
4808.46992806849  2.277604E-16
4810.43061067412  2.325200E-16
4812.39129327975  2.351088E-16
4814.35197588538  2.452111E-16
4816.31265849101  2.338065E-16
4818.27334109664  2.276726E-16
4820.23402370226  2.367862E-16
4822.19470630789  2.291841E-16
4824.15538891352  2.296864E-16
4826.11607151915  2.481569E-16
4828.07675412478  2.709463E-16
4830.03743673041  2.630781E-16
4831.99811933603  2.442568E-16
4833.95880194166  2.396196E-16
4835.91948454729  2.356200E-16
4837.88016715292  2.516190E-16
4839.84084975855  2.537917E-16
4841.80153236417  2.394685E-16
4843.7622149698  2.475189E-16
4845.72289757543  2.641952E-16
4847.68358018106  2.490103E-16
4849.64426278669  2.392784E-16
4851.60494539232  2.443357E-16
4853.56562799795  2.467235E-16
4855.52631060357  2.528637E-16
4857.4869932092  2.530906E-16
4859.44767581483  2.598586E-16
4861.40835842046  2.584332E-16
4863.36904102609  2.654824E-16
4865.32972363171  2.629199E-16
4867.29040623734  2.549050E-16
4869.25108884297  2.574697E-16
4871.2117714486  2.381627E-16
4873.17245405423  2.526926E-16
4875.13313665986  2.545755E-16
4877.09381926548  2.558803E-16
4879.05450187111  2.613981E-16
4881.01518447674  2.511519E-16
4882.97586708237  2.505851E-16
4884.936549688  2.429213E-16
4886.89723229362  2.471746E-16
4888.85791489925  2.422380E-16
4890.81859750488  2.508014E-16
4892.77928011051  2.427811E-16
4894.73996271614  2.383899E-16
4896.70064532177  2.491265E-16
4898.66132792739  2.512381E-16
4900.62201053302  2.449988E-16
4902.58269313865  2.506734E-16
4904.54337574428  2.340655E-16
4906.50405834991  2.583561E-16
4908.46474095554  2.461740E-16
4910.42542356116  2.543642E-16
4912.38610616679  2.402282E-16
4914.34678877242  2.483965E-16
4916.30747137805  2.479720E-16
4918.26815398368  2.380342E-16
4920.2288365893  2.510930E-16
4922.18951919493  2.522360E-16
4924.15020180056  2.401306E-16
4926.11088440619  2.453404E-16
4928.07156701182  2.474385E-16
4930.03224961745  2.532388E-16
4931.99293222308  2.421608E-16
4933.9536148287  2.604149E-16
4935.91429743433  2.537286E-16
4937.87498003996  2.546393E-16
4939.83566264559  2.502611E-16
4941.79634525122  2.581589E-16
4943.75702785684  2.599068E-16
4945.71771046247  2.509304E-16
4947.6783930681  2.507295E-16
4949.63907567373  2.503518E-16
4951.59975827936  2.648660E-16
4953.56044088499  2.483171E-16
4955.52112349061  2.405739E-16
4957.48180609624  2.517136E-16
4959.44248870187  2.467813E-16
4961.4031713075  2.223692E-16
4963.36385391313  2.302675E-16
4965.32453651875  2.405510E-16
4967.28521912438  2.454292E-16
4969.24590173001  2.435406E-16
4971.20658433564  2.478994E-16
4973.16726694127  2.321786E-16
4975.12794954689  2.445655E-16
4977.08863215252  2.545144E-16
4979.04931475815  2.412903E-16
4981.00999736378  2.478324E-16
4982.97067996941  2.509818E-16
4984.93136257504  2.518833E-16
4986.89204518066  2.512121E-16
4988.85272778629  2.508903E-16
4990.81341039192  2.506693E-16
4992.77409299755  2.416760E-16
4994.73477560318  2.459544E-16
4996.69545820881  2.546835E-16
4998.65614081443  2.608307E-16
5000.61682342006  2.406472E-16
5002.57750602569  2.492538E-16
5004.53818863132  2.572668E-16
5006.49887123695  2.526668E-16
5008.45955384258  2.472913E-16
5010.42023644821  2.526656E-16
5012.38091905383  2.396035E-16
5014.34160165946  2.299273E-16
5016.30228426509  2.462830E-16
5018.26296687072  2.594524E-16
5020.22364947635  2.632879E-16
5022.18433208197  2.554530E-16
5024.1450146876  2.502330E-16
5026.10569729323  2.493328E-16
5028.06637989886  2.584793E-16
5030.02706250449  2.540656E-16
5031.98774511012  2.498647E-16
5033.94842771574  2.499334E-16
5035.90911032137  2.589547E-16
5037.869792927  2.695907E-16
5039.83047553263  2.568130E-16
5041.79115813826  2.627202E-16
5043.75184074388  2.506950E-16
5045.71252334951  2.507036E-16
5047.67320595514  2.637213E-16
5049.63388856077  2.522747E-16
5051.5945711664  2.456664E-16
5053.55525377203  2.672499E-16
5055.51593637765  2.637050E-16
5057.47661898328  2.542776E-16
5059.43730158891  2.516643E-16
5061.39798419454  2.458374E-16
5063.35866680017  2.580076E-16
5065.31934940579  2.415601E-16
5067.28003201142  2.495742E-16
5069.24071461705  2.505203E-16
5071.20139722268  2.503196E-16
5073.16207982831  2.642095E-16
5075.12276243394  2.462701E-16
5077.08344503956  2.593985E-16
5079.04412764519  2.524898E-16
5081.00481025082  2.393530E-16
5082.96549285645  2.506572E-16
5084.92617546208  2.581130E-16
5086.88685806771  2.488923E-16
5088.84754067333  2.587131E-16
5090.80822327896  2.509833E-16
5092.76890588459  2.580315E-16
5094.72958849022  2.610325E-16
5096.69027109585  2.599349E-16
5098.65095370147  2.575515E-16
5100.6116363071  2.431617E-16
5102.57231891273  2.607934E-16
5104.53300151836  2.646267E-16
5106.49368412399  2.479009E-16
5108.45436672962  2.523526E-16
5110.41504933524  2.612708E-16
5112.37573194087  2.613344E-16
5114.3364145465  2.643511E-16
5116.29709715213  2.581523E-16
5118.25777975776  2.569298E-16
5120.21846236339  2.567569E-16
5122.17914496901  2.544704E-16
5124.13982757464  2.678855E-16
5126.10051018027  2.614658E-16
5128.0611927859  2.444155E-16
5130.02187539153  2.474172E-16
5131.98255799716  2.470584E-16
5133.94324060278  2.622364E-16
5135.90392320841  2.584639E-16
5137.86460581404  2.540515E-16
5139.82528841967  2.611251E-16
5141.7859710253  2.537347E-16
5143.74665363092  2.671903E-16
5145.70733623655  2.502984E-16
5147.66801884218  2.542591E-16
5149.62870144781  2.415574E-16
5151.58938405344  2.672484E-16
5153.55006665907  2.645953E-16
5155.51074926469  2.491030E-16
5157.47143187032  2.436791E-16
5159.43211447595  2.580728E-16
5161.39279708158  2.720264E-16
5163.35347968721  2.766121E-16
5165.31416229284  2.659896E-16
5167.27484489846  2.640351E-16
5169.23552750409  2.544137E-16
5171.19621010972  2.480370E-16
5173.15689271535  2.682613E-16
5175.11757532098  2.741189E-16
5177.0782579266  2.639961E-16
5179.03894053223  2.547667E-16
5180.99962313786  2.544426E-16
5182.96030574349  2.484802E-16
5184.92098834912  2.456394E-16
5186.88167095475  2.439008E-16
5188.84235356037  2.506539E-16
5190.803036166  2.656982E-16
5192.76371877163  2.698857E-16
5194.72440137726  2.542947E-16
5196.68508398289  2.512281E-16
5198.64576658852  2.586900E-16
5200.60644919414  2.660339E-16
5202.56713179977  2.631914E-16
5204.5278144054  2.690013E-16
5206.48849701103  2.679823E-16
5208.44917961666  2.587582E-16
5210.40986222228  2.660314E-16
5212.37054482791  2.516558E-16
5214.33122743354  2.318417E-16
5216.29191003917  2.405783E-16
5218.2525926448  2.659167E-16
5220.21327525043  2.594980E-16
5222.17395785605  2.393525E-16
5224.13464046168  2.585247E-16
5226.09532306731  2.541183E-16
5228.05600567294  2.601132E-16
5230.01668827857  2.548331E-16
5231.9773708842  2.475284E-16
5233.93805348982  2.548088E-16
5235.89873609545  2.528169E-16
5237.85941870108  2.576610E-16
5239.82010130671  2.677795E-16
5241.78078391234  2.581579E-16
5243.74146651797  2.432811E-16
5245.70214912359  2.523571E-16
5247.66283172922  2.508703E-16
5249.62351433485  2.561960E-16
5251.58419694048  2.632737E-16
5253.54487954611  2.562718E-16
5255.50556215173  2.629489E-16
5257.46624475736  2.661870E-16
5259.42692736299  2.587042E-16
5261.38760996862  2.700902E-16
5263.34829257425  2.699135E-16
5265.30897517988  2.637654E-16
5267.2696577855  2.592418E-16
5269.23034039113  2.490544E-16
5271.19102299676  2.617917E-16
5273.15170560239  2.631222E-16
5275.11238820802  2.427654E-16
5277.07307081365  2.515854E-16
5279.03375341927  2.554301E-16
5280.9944360249  2.670612E-16
5282.95511863053  2.654376E-16
5284.91580123616  2.580563E-16
5286.87648384179  2.691180E-16
5288.83716644742  2.752019E-16
5290.79784905304  2.681979E-16
5292.75853165867  2.599330E-16
5294.7192142643  2.621693E-16
5296.67989686993  2.544527E-16
5298.64057947556  2.458918E-16
5300.60126208118  2.580206E-16
5302.56194468681  2.492268E-16
5304.52262729244  2.545713E-16
5306.48330989807  2.554722E-16
5308.4439925037  2.576851E-16
5310.40467510932  2.585520E-16
5312.36535771495  2.547160E-16
5314.32604032058  2.456418E-16
5316.28672292621  2.450935E-16
5318.24740553184  2.554676E-16
5320.20808813747  2.534720E-16
5322.1687707431  2.653049E-16
5324.12945334872  2.613364E-16
5326.09013595435  2.512314E-16
5328.05081855998  2.547524E-16
5330.01150116561  2.526285E-16
5331.97218377124  2.484186E-16
5333.93286637687  2.552141E-16
5335.89354898249  2.613678E-16
5337.85423158812  2.727101E-16
5339.81491419375  2.678281E-16
5341.77559679938  2.606194E-16
5343.73627940501  2.569390E-16
5345.69696201063  2.748057E-16
5347.65764461626  2.689056E-16
5349.61832722189  2.646085E-16
5351.57900982752  2.616665E-16
5353.53969243315  2.471612E-16
5355.50037503878  2.540042E-16
5357.4610576444  2.550327E-16
5359.42174025003  2.581577E-16
5361.38242285566  2.513553E-16
5363.34310546129  2.505408E-16
5365.30378806692  2.586760E-16
5367.26447067254  2.515801E-16
5369.22515327817  2.560604E-16
5371.1858358838  2.622781E-16
5373.14651848943  2.599704E-16
5375.10720109506  2.560873E-16
5377.06788370069  2.523010E-16
5379.02856630631  2.511777E-16
5380.98924891194  2.492395E-16
5382.94993151757  2.601985E-16
5384.9106141232  2.693380E-16
5386.87129672883  2.643060E-16
5388.83197933445  2.529085E-16
5390.79266194009  2.511232E-16
5392.75334454571  2.593155E-16
5394.71402715134  2.456356E-16
5396.67470975697  2.523812E-16
5398.6353923626  2.511830E-16
5400.59607496823  2.311031E-16
5402.55675757385  2.492911E-16
5404.51744017948  2.713180E-16
5406.47812278511  2.651864E-16
5408.43880539074  2.511045E-16
5410.39948799637  2.605789E-16
5412.36017060199  2.621627E-16
5414.32085320762  2.582291E-16
5416.28153581325  2.632199E-16
5418.24221841888  2.492261E-16
5420.20290102451  2.563284E-16
5422.16358363014  2.599753E-16
5424.12426623576  2.572277E-16
5426.08494884139  2.409341E-16
5428.04563144702  2.470169E-16
5430.00631405265  2.379335E-16
5431.96699665828  2.471438E-16
5433.9276792639  2.487751E-16
5435.88836186953  2.461887E-16
5437.84904447516  2.444604E-16
5439.80972708079  2.456650E-16
5441.77040968642  2.404803E-16
5443.73109229205  2.296729E-16
5445.69177489767  2.463446E-16
5447.6524575033  2.386222E-16
5449.61314010893  2.326050E-16
5451.57382271456  2.485560E-16
5453.53450532019  2.523275E-16
5455.49518792581  2.651541E-16
5457.45587053144  2.531664E-16
5459.41655313707  2.395783E-16
5461.3772357427  2.476647E-16
5463.33791834833  2.447218E-16
5465.29860095396  2.476777E-16
5467.25928355959  2.557406E-16
5469.21996616521  2.488817E-16
5471.18064877084  2.587178E-16
5473.14133137647  2.576371E-16
5475.1020139821  2.471143E-16
5477.06269658772  2.346876E-16
5479.02337919335  2.534216E-16
5480.98406179898  2.519149E-16
5482.94474440461  2.466440E-16
5484.90542701024  2.436222E-16
5486.86610961587  2.487386E-16
5488.8267922215  2.641363E-16
5490.78747482712  2.470054E-16
5492.74815743275  2.499379E-16
5494.70884003838  2.685869E-16
5496.66952264401  2.580062E-16
5498.63020524964  2.585305E-16
5500.59088785527  2.563625E-16
5502.55157046089  2.561551E-16
5504.51225306652  2.683837E-16
5506.47293567215  2.610521E-16
5508.43361827778  2.582384E-16
5510.39430088341  2.522470E-16
5512.35498348903  2.501054E-16
5514.31566609466  2.543475E-16
5516.27634870029  2.437034E-16
5518.23703130592  2.503569E-16
5520.19771391155  2.520912E-16
5522.15839651718  2.536290E-16
5524.11907912281  2.536225E-16
5526.07976172843  2.703894E-16
5528.04044433406  2.680457E-16
5530.00112693969  2.543189E-16
5531.96180954532  2.542328E-16
5533.92249215094  2.523753E-16
5535.88317475657  2.531722E-16
5537.8438573622  2.481833E-16
5539.80453996783  2.614524E-16
5541.76522257346  2.768709E-16
5543.72590517909  2.770587E-16
5545.68658778471  2.546777E-16
5547.64727039034  2.503150E-16
5549.60795299597  2.584415E-16
5551.5686356016  2.523339E-16
5553.52931820723  2.534436E-16
5555.49000081286  2.595066E-16
5557.45068341848  2.492423E-16
5559.41136602411  2.476130E-16
5561.37204862974  2.630763E-16
5563.33273123537  2.551288E-16
5565.293413841  2.455698E-16
5567.25409644663  2.543877E-16
5569.21477905225  2.473164E-16
5571.17546165788  2.505461E-16
5573.13614426351  2.602718E-16
5575.09682686914  2.652708E-16
5577.05750947477  2.470774E-16
5579.0181920804  2.484601E-16
5580.97887468602  2.559581E-16
5582.93955729165  2.640611E-16
5584.90023989728  2.478007E-16
5586.86092250291  2.473708E-16
5588.82160510854  2.521041E-16
5590.78228771416  2.583290E-16
5592.74297031979  2.527028E-16
5594.70365292542  2.573312E-16
5596.66433553105  2.518956E-16
5598.62501813668  2.608132E-16
5600.58570074231  2.561964E-16
5602.54638334793  2.488029E-16
5604.50706595356  2.531846E-16
5606.46774855919  2.562666E-16
5608.42843116482  2.562176E-16
5610.38911377045  2.584103E-16
5612.34979637608  2.480986E-16
5614.3104789817  2.590994E-16
5616.27116158733  2.471787E-16
5618.23184419296  2.553303E-16
5620.19252679859  2.527554E-16
5622.15320940422  2.495680E-16
5624.11389200984  2.474429E-16
5626.07457461547  2.394168E-16
5628.0352572211  2.608200E-16
5629.99593982673  2.437550E-16
5631.95662243236  2.455080E-16
5633.91730503798  2.610458E-16
5635.87798764361  2.601677E-16
5637.83867024924  2.525302E-16
5639.79935285487  2.614949E-16
5641.7600354605  2.398882E-16
5643.72071806613  2.393580E-16
5645.68140067175  2.563458E-16
5647.64208327738  2.486082E-16
5649.60276588301  2.584075E-16
5651.56344848864  2.558770E-16
5653.52413109427  2.436803E-16
5655.4848136999  2.461925E-16
5657.44549630553  2.528635E-16
5659.40617891115  2.524521E-16
5661.36686151678  2.553300E-16
5663.32754412241  2.549450E-16
5665.28822672804  2.529702E-16
5667.24890933367  2.648871E-16
5669.20959193929  2.603147E-16
5671.17027454492  2.512453E-16
5673.13095715055  2.478342E-16
5675.09163975618  2.473289E-16
5677.05232236181  2.506202E-16
5679.01300496744  2.590710E-16
5680.97368757306  2.561044E-16
5682.93437017869  2.446581E-16
5684.89505278432  2.477518E-16
5686.85573538995  2.428834E-16
5688.81641799558  2.457289E-16
5690.7771006012  2.486797E-16
5692.73778320683  2.517769E-16
5694.69846581246  2.712824E-16
5696.65914841809  2.623780E-16
5698.61983102372  2.499849E-16
5700.58051362935  2.438010E-16
5702.54119623497  2.576731E-16
5704.5018788406  2.495976E-16
5706.46256144623  2.472949E-16
5708.42324405186  2.460229E-16
5710.38392665749  2.544132E-16
5712.34460926311  2.530876E-16
5714.30529186874  2.569008E-16
5716.26597447437  2.534487E-16
5718.22665708  2.625951E-16
5720.18733968563  2.595955E-16
5722.14802229126  2.560193E-16
5724.10870489688  2.492349E-16
5726.06938750251  2.465124E-16
5728.03007010814  2.542059E-16
5729.99075271377  2.610149E-16
5731.9514353194  2.461627E-16
5733.91211792503  2.464701E-16
5735.87280053065  2.509625E-16
5737.83348313628  2.612363E-16
5739.79416574191  2.592451E-16
5741.75484834754  2.535286E-16
5743.71553095317  2.517527E-16
5745.6762135588  2.459084E-16
5747.63689616442  2.556700E-16
5749.59757877005  2.598938E-16
5751.55826137568  2.621766E-16
5753.51894398131  2.555339E-16
5755.47962658694  2.517397E-16
5757.44030919256  2.547533E-16
5759.40099179819  2.534698E-16
5761.36167440382  2.617532E-16
5763.32235700945  2.506640E-16
5765.28303961508  2.584029E-16
5767.24372222071  2.847095E-16
5769.20440482633  2.619783E-16
5771.16508743196  2.494856E-16
5773.12577003759  2.452030E-16
5775.08645264322  2.418871E-16
5777.04713524885  2.491143E-16
5779.00781785448  2.680477E-16
5780.9685004601  2.443871E-16
5782.92918306573  2.592970E-16
5784.88986567136  2.482638E-16
5786.85054827699  2.426730E-16
5788.81123088262  2.416214E-16
5790.77191348824  2.508029E-16
5792.73259609387  2.552898E-16
5794.6932786995  2.506598E-16
5796.65396130513  2.475600E-16
5798.61464391076  2.427528E-16
5800.57532651639  2.589527E-16
5802.53600912201  2.399175E-16
5804.49669172764  2.476509E-16
5806.45737433327  2.497127E-16
5808.4180569389  2.511354E-16
5810.37873954453  2.400084E-16
5812.33942215016  2.478285E-16
5814.30010475578  2.421457E-16
5816.26078736141  2.567311E-16
5818.22146996704  2.504035E-16
5820.18215257267  2.585305E-16
5822.1428351783  2.564943E-16
5824.10351778393  2.433670E-16
5826.06420038955  2.516004E-16
5828.02488299518  2.559451E-16
5829.98556560081  2.360656E-16
5831.94624820644  2.379848E-16
5833.90693081207  2.585353E-16
5835.86761341769  2.557271E-16
5837.82829602332  2.371673E-16
5839.78897862895  2.183015E-16
5841.74966123458  2.319900E-16
5843.71034384021  2.411991E-16
5845.67102644584  2.343968E-16
5847.63170905146  2.359541E-16
5849.59239165709  2.369722E-16
5851.55307426272  2.449555E-16
5853.51375686835  2.581046E-16
5855.47443947398  2.595781E-16
5857.43512207961  2.440584E-16
5859.39580468523  2.486007E-16
5861.35648729086  2.602898E-16
5863.31716989649  2.443671E-16
5865.27785250212  2.416572E-16
5867.23853510775  2.557280E-16
5869.19921771337  2.463142E-16
5871.159900319  2.454432E-16
5873.12058292463  2.626374E-16
5875.08126553026  2.559500E-16
5877.04194813589  2.464436E-16
5879.00263074152  2.490820E-16
5880.96331334714  2.473531E-16
5882.92399595277  2.571839E-16
5884.8846785584  2.459800E-16
5886.84536116403  2.373729E-16
5888.80604376966  2.459055E-16
5890.76672637529  2.555140E-16
5892.72740898091  2.533677E-16
5894.68809158654  2.509628E-16
5896.64877419217  2.509974E-16
5898.6094567978  2.563593E-16
5900.57013940343  2.427837E-16
5902.53082200905  2.444836E-16
5904.49150461468  2.588830E-16
5906.45218722031  2.531631E-16
5908.41286982594  2.404984E-16
5910.37355243157  2.509979E-16
5912.33423503719  2.568925E-16
5914.29491764282  2.596879E-16
5916.25560024845  2.558119E-16
5918.21628285408  2.368758E-16
5920.17696545971  2.527159E-16
5922.13764806534  2.474596E-16
5924.09833067097  2.400199E-16
5926.05901327659  2.381083E-16
5928.01969588222  2.548616E-16
5929.98037848785  2.514709E-16
5931.94106109348  2.507849E-16
5933.90174369911  2.547870E-16
5935.86242630474  2.553499E-16
5937.82310891036  2.553503E-16
5939.78379151599  2.479261E-16
5941.74447412162  2.486730E-16
5943.70515672725  2.506228E-16
5945.66583933288  2.462562E-16
5947.62652193851  2.535481E-16
5949.58720454413  2.557652E-16
5951.54788714976  2.534860E-16
5953.50856975539  2.567905E-16
5955.46925236102  2.534562E-16
5957.42993496665  2.511174E-16
5959.39061757227  2.564546E-16
5961.3513001779  2.525701E-16
5963.31198278353  2.609923E-16
5965.27266538916  2.462154E-16
5967.23334799479  2.464813E-16
5969.19403060041  2.577102E-16
5971.15471320604  2.560288E-16
5973.11539581167  2.586619E-16
5975.0760784173  2.546577E-16
5977.03676102293  2.531710E-16
5978.99744362856  2.515526E-16
5980.95812623418  2.461687E-16
5982.91880883981  2.468203E-16
5984.87949144544  2.445013E-16
5986.84017405107  2.499351E-16
5988.8008566567  2.521969E-16
5990.76153926232  2.579031E-16
5992.72222186796  2.748985E-16
5994.68290447358  2.617121E-16
5996.64358707921  2.501443E-16
5998.60426968484  2.529347E-16
6000.56495229047  2.583961E-16
6002.52563489609  2.545915E-16
6004.48631750172  2.554485E-16
6006.44700010735  2.447044E-16
6008.40768271298  2.583193E-16
6010.36836531861  2.447123E-16
6012.32904792424  2.551991E-16
6014.28973052987  2.537744E-16
6016.25041313549  2.455748E-16
6018.21109574112  2.555186E-16
6020.17177834675  2.479404E-16
6022.13246095238  2.465045E-16
6024.09314355801  2.492701E-16
6026.05382616363  2.619702E-16
6028.01450876926  2.576472E-16
6029.97519137489  2.483452E-16
6031.93587398052  2.449375E-16
6033.89655658615  2.472309E-16
6035.85723919178  2.557120E-16
6037.8179217974  2.575995E-16
6039.77860440303  2.597797E-16
6041.73928700866  2.468746E-16
6043.69996961429  2.411563E-16
6045.66065221992  2.552725E-16
6047.62133482554  2.553162E-16
6049.58201743117  2.404990E-16
6051.5427000368  2.489844E-16
6053.50338264243  2.547835E-16
6055.46406524806  2.573408E-16
6057.42474785369  2.425535E-16
6059.38543045931  2.494914E-16
6061.34611306494  2.512793E-16
6063.30679567057  2.534390E-16
6065.2674782762  2.585894E-16
6067.22816088183  2.620885E-16
6069.18884348745  2.550882E-16
6071.14952609308  2.570084E-16
6073.11020869871  2.523690E-16
6075.07089130434  2.501747E-16
6077.03157390997  2.434660E-16
6078.9922565156  2.334169E-16
6080.95293912123  2.283445E-16
6082.91362172685  2.372429E-16
6084.87430433248  2.592512E-16
6086.83498693811  2.447403E-16
6088.79566954374  2.392423E-16
6090.75635214937  2.493954E-16
6092.71703475499  2.475403E-16
6094.67771736062  2.369636E-16
6096.63839996625  2.397451E-16
6098.59908257188  2.515839E-16
6100.55976517751  2.534397E-16
6102.52044778313  2.563886E-16
6104.48113038876  2.510763E-16
6106.44181299439  2.476384E-16
6108.40249560002  2.579446E-16
6110.36317820565  2.567009E-16
6112.32386081128  2.503506E-16
6114.28454341691  2.488774E-16
6116.24522602253  2.461615E-16
6118.20590862816  2.487482E-16
6120.16659123379  2.469638E-16
6122.12727383942  2.493263E-16
6124.08795644505  2.483610E-16
6126.04863905067  2.434111E-16
6128.0093216563  2.449347E-16
6129.97000426193  2.444328E-16
6131.93068686756  2.475897E-16
6133.89136947319  2.488124E-16
6135.85205207882  2.476395E-16
6137.81273468444  2.432418E-16
6139.77341729007  2.542992E-16
6141.7340998957  2.633116E-16
6143.69478250133  2.644842E-16
6145.65546510696  2.576777E-16
6147.61614771258  2.421250E-16
6149.57683031821  2.559432E-16
6151.53751292384  2.570908E-16
6153.49819552947  2.464308E-16
6155.4588781351  2.417038E-16
6157.41956074073  2.579518E-16
6159.38024334635  2.541381E-16
6161.34092595198  2.631249E-16
6163.30160855761  2.462219E-16
6165.26229116324  2.493831E-16
6167.22297376887  2.415190E-16
6169.1836563745  2.384938E-16
6171.14433898012  2.510596E-16
6173.10502158575  2.567665E-16
6175.06570419138  2.467180E-16
6177.02638679701  2.466209E-16
6178.98706940264  2.509751E-16
6180.94775200827  2.521842E-16
6182.90843461389  2.532883E-16
6184.86911721952  2.415691E-16
6186.82979982515  2.502735E-16
6188.79048243078  2.553506E-16
6190.75116503641  2.558380E-16
6192.71184764204  2.431956E-16
6194.67253024766  2.328044E-16
6196.63321285329  2.422557E-16
6198.59389545892  2.548077E-16
6200.55457806455  2.528440E-16
6202.51526067018  2.540842E-16
6204.4759432758  2.585690E-16
6206.43662588143  2.465276E-16
6208.39730848706  2.496661E-16
6210.35799109269  2.402194E-16
6212.31867369832  2.395288E-16
6214.27935630395  2.614533E-16
6216.24003890957  2.511325E-16
6218.2007215152  2.430123E-16
6220.16140412083  2.622084E-16
6222.12208672646  2.517651E-16
6224.08276933209  2.352412E-16
6226.04345193772  2.298479E-16
6228.00413454334  2.484486E-16
6229.96481714897  2.517588E-16
6231.9254997546  2.368289E-16
6233.88618236023  2.447555E-16
6235.84686496586  2.488899E-16
6237.80754757148  2.398351E-16
6239.76823017711  2.441662E-16
6241.72891278274  2.432111E-16
6243.68959538837  2.510662E-16
6245.650277994  2.622098E-16
6247.61096059962  2.717822E-16
6249.57164320525  2.412493E-16
6251.53232581088  2.406194E-16
6253.49300841651  2.324001E-16
6255.45369102214  2.463110E-16
6257.41437362777  2.502619E-16
6259.37505623339  2.574877E-16
6261.33573883902  2.553602E-16
6263.29642144465  2.505234E-16
6265.25710405028  2.559240E-16
6267.21778665591  2.513407E-16
6269.17846926153  2.436481E-16
6271.13915186717  2.591084E-16
6273.09983447279  2.582857E-16
6275.06051707842  2.514908E-16
6277.02119968405  2.447567E-16
6278.98188228968  2.403654E-16
6280.94256489531  2.327227E-16
6282.90324750093  2.323581E-16
6284.86393010656  2.333416E-16
6286.82461271219  2.387608E-16
6288.78529531782  2.432073E-16
6290.74597792345  2.345219E-16
6292.70666052908  2.483696E-16
6294.6673431347  2.457292E-16
6296.62802574033  2.408737E-16
6298.58870834596  2.482659E-16
6300.54939095159  2.469166E-16
6302.51007355722  2.451603E-16
6304.47075616284  2.517287E-16
6306.43143876847  2.677196E-16
6308.3921213741  2.677513E-16
6310.35280397973  2.479052E-16
6312.31348658536  2.279263E-16
6314.27416919099  2.443065E-16
6316.23485179661  2.325899E-16
6318.19553440224  2.365850E-16
6320.15621700787  2.403537E-16
6322.1168996135  2.476092E-16
6324.07758221913  2.446151E-16
6326.03826482475  2.450770E-16
6327.99894743038  2.503637E-16
6329.95963003601  2.444132E-16
6331.92031264164  2.412779E-16
6333.88099524727  2.449951E-16
6335.8416778529  2.562530E-16
6337.80236045852  2.497118E-16
6339.76304306415  2.391983E-16
6341.72372566978  2.333050E-16
6343.68440827541  2.347965E-16
6345.64509088104  2.387162E-16
6347.60577348666  2.527801E-16
6349.5664560923  2.456299E-16
6351.52713869792  2.334494E-16
6353.48782130355  2.450648E-16
6355.44850390918  2.495226E-16
6357.40918651481  2.507381E-16
6359.36986912044  2.428499E-16
6361.33055172606  2.503463E-16
6363.29123433169  2.588542E-16
6365.25191693732  2.621432E-16
6367.21259954295  2.557821E-16
6369.17328214858  2.416308E-16
6371.13396475421  2.474380E-16
6373.09464735983  2.461256E-16
6375.05532996546  2.373981E-16
6377.01601257109  2.440563E-16
6378.97669517672  2.384025E-16
6380.93737778235  2.440566E-16
6382.89806038797  2.448640E-16
6384.8587429936  2.395805E-16
6386.81942559923  2.413774E-16
6388.78010820486  2.382248E-16
6390.74079081049  2.399781E-16
6392.70147341612  2.332134E-16
6394.66215602174  2.452886E-16
6396.62283862737  2.465292E-16
6398.583521233  2.415882E-16
6400.54420383863  2.339583E-16
6402.50488644426  2.419788E-16
6404.46556904988  2.461338E-16
6406.42625165551  2.400684E-16
6408.38693426114  2.337614E-16
6410.34761686677  2.424872E-16
6412.3082994724  2.432975E-16
6414.26898207803  2.396792E-16
6416.22966468365  2.357534E-16
6418.19034728928  2.456871E-16
6420.15102989491  2.450130E-16
6422.11171250054  2.422032E-16
6424.07239510617  2.295112E-16
6426.0330777118  2.303456E-16
6427.99376031743  2.437000E-16
6429.95444292305  2.487332E-16
6431.91512552868  2.422706E-16
6433.87580813431  2.439586E-16
6435.83649073994  2.415024E-16
6437.79717334557  2.414867E-16
6439.75785595119  2.361120E-16
6441.71853855682  2.415347E-16
6443.67922116245  2.587931E-16
6445.63990376808  2.453381E-16
6447.60058637371  2.367777E-16
6449.56126897934  2.371588E-16
6451.52195158496  2.470790E-16
6453.48263419059  2.504262E-16
6455.44331679622  2.393591E-16
6457.40399940185  2.405259E-16
6459.36468200748  2.331543E-16
6461.3253646131  2.432548E-16
6463.28604721873  2.457716E-16
6465.24672982436  2.486558E-16
6467.20741242999  2.480078E-16
6469.16809503562  2.449243E-16
6471.12877764125  2.479369E-16
6473.08946024687  2.332698E-16
6475.0501428525  2.318827E-16
6477.01082545813  2.405872E-16
6478.97150806376  2.364656E-16
6480.93219066939  2.414742E-16
6482.89287327501  2.416173E-16
6484.85355588064  2.278281E-16
6486.81423848627  2.375233E-16
6488.7749210919  2.482647E-16
6490.73560369753  2.393948E-16
6492.69628630316  2.380021E-16
6494.65696890878  2.466456E-16
6496.61765151441  2.410953E-16
6498.57833412004  2.361384E-16
6500.53901672567  2.464885E-16
6502.4996993313  2.503279E-16
6504.46038193693  2.434097E-16
6506.42106454255  2.354015E-16
6508.38174714818  2.430200E-16
6510.34242975381  2.417574E-16
6512.30311235944  2.339355E-16
6514.26379496507  2.370408E-16
6516.22447757069  2.411271E-16
6518.18516017632  2.331062E-16
6520.14584278195  2.384360E-16
6522.10652538758  2.274923E-16
6524.06720799321  2.356318E-16
6526.02789059884  2.353455E-16
6527.98857320446  2.454062E-16
6529.94925581009  2.403894E-16
6531.90993841572  2.352675E-16
6533.87062102135  2.414174E-16
6535.83130362698  2.375077E-16
6537.79198623261  2.390505E-16
6539.75266883823  2.389076E-16
6541.71335144386  2.468680E-16
6543.67403404949  2.466929E-16
6545.63471665512  2.448493E-16
6547.59539926075  2.368962E-16
6549.55608186637  2.267587E-16
6551.516764472  2.297203E-16
6553.47744707763  2.301713E-16
6555.43812968326  2.252820E-16
6557.39881228889  2.318771E-16
6559.35949489452  2.229491E-16
6561.32017750015  2.359020E-16
6563.28086010577  2.386067E-16
6565.2415427114  2.399654E-16
6567.20222531703  2.448078E-16
6569.16290792266  2.378625E-16
6571.12359052829  2.143838E-16
6573.08427313391  2.374999E-16
6575.04495573954  2.322717E-16
6577.00563834517  2.344177E-16
6578.9663209508  2.390529E-16
6580.92700355643  2.340546E-16
6582.88768616206  2.355483E-16
6584.84836876768  2.275363E-16
6586.80905137331  2.340405E-16
6588.76973397894  2.353268E-16
6590.73041658457  2.292252E-16
6592.6910991902  2.334160E-16
6594.65178179582  2.395351E-16
6596.61246440145  2.352789E-16
6598.57314700708  2.281293E-16
6600.53382961271  2.333144E-16
6602.49451221834  2.382357E-16
6604.45519482397  2.329242E-16
6606.41587742959  2.318963E-16
6608.37656003522  2.197724E-16
6610.33724264085  2.211942E-16
6612.29792524648  2.313692E-16
6614.25860785211  2.423323E-16
6616.21929045774  2.375669E-16
6618.17997306336  2.368911E-16
6620.14065566899  2.321346E-16
6622.10133827462  2.304342E-16
6624.06202088025  2.238818E-16
6626.02270348588  2.327298E-16
6627.9833860915  2.442215E-16
6629.94406869713  2.274118E-16
6631.90475130276  2.168033E-16
6633.86543390839  2.247592E-16
6635.82611651402  2.236321E-16
6637.78679911965  2.303980E-16
6639.74748172527  2.342739E-16
6641.7081643309  2.321529E-16
6643.66884693653  2.301463E-16
6645.62952954216  2.272367E-16
6647.59021214779  2.272851E-16
6649.55089475342  2.271953E-16
6651.51157735904  2.194179E-16
6653.47225996467  2.212339E-16
6655.4329425703  2.322861E-16
6657.39362517593  2.332697E-16
6659.35430778156  2.336163E-16
6661.31499038718  2.297175E-16
6663.27567299281  2.285918E-16
6665.23635559844  2.388903E-16
6667.19703820407  2.387173E-16
6669.1577208097  2.332046E-16
6671.11840341533  2.277833E-16
6673.07908602095  2.252729E-16
6675.03976862658  2.232602E-16
6677.00045123221  2.197852E-16
6678.96113383784  2.258553E-16
6680.92181644347  2.267359E-16
6682.8824990491  2.229034E-16
6684.84318165472  2.415290E-16
6686.80386426035  2.252864E-16
6688.76454686598  2.262177E-16
6690.72522947161  2.212696E-16
6692.68591207724  2.216690E-16
6694.64659468287  2.272003E-16
6696.60727728849  2.300596E-16
6698.56795989412  2.269298E-16
6700.52864249975  2.290074E-16
6702.48932510538  2.263026E-16
6704.45000771101  2.223518E-16
6706.41069031663  2.140840E-16
6708.37137292226  2.284039E-16
6710.33205552789  2.185278E-16
6712.29273813352  2.176010E-16
6714.25342073915  2.236658E-16
6716.21410334478  2.268177E-16
6718.1747859504  2.313251E-16
6720.13546855603  2.354952E-16
6722.09615116166  2.204667E-16
6724.05683376729  2.156282E-16
6726.01751637292  2.300871E-16
6727.97819897855  2.279970E-16
6729.93888158417  2.264909E-16
6731.8995641898  2.182861E-16
6733.86024679543  2.261276E-16
6735.82092940106  2.254656E-16
6737.78161200669  2.207755E-16
6739.74229461231  2.200328E-16
6741.70297721794  2.283174E-16
6743.66365982357  2.182231E-16
6745.6243424292  2.191672E-16
6747.58502503483  2.205082E-16
6749.54570764046  2.315146E-16
6751.50639024608  2.156654E-16
6753.46707285171  2.195612E-16
6755.42775545734  2.274717E-16
6757.38843806297  2.209390E-16
6759.3491206686  2.224688E-16
6761.30980327423  2.246117E-16
6763.27048587985  2.168553E-16
6765.23116848548  2.224580E-16
6767.19185109111  2.245965E-16
6769.15253369674  2.186881E-16
6771.11321630237  2.232105E-16
6773.07389890799  2.205913E-16
6775.03458151362  2.227696E-16
6776.99526411925  2.263320E-16
6778.95594672488  2.267515E-16
6780.91662933051  2.122356E-16
6782.87731193614  2.242640E-16
6784.83799454176  2.247004E-16
6786.79867714739  2.245813E-16
6788.75935975302  2.277096E-16
6790.72004235865  2.247002E-16
6792.68072496428  2.287519E-16
6794.6414075699  2.331001E-16
6796.60209017553  2.287879E-16
6798.56277278116  2.278519E-16
6800.52345538679  2.209008E-16
6802.48413799242  2.207457E-16
6804.44482059805  2.282535E-16
6806.40550320368  2.095970E-16
6808.3661858093  2.146004E-16
6810.32686841493  2.254301E-16
6812.28755102056  2.328000E-16
6814.24823362619  2.128566E-16
6816.20891623182  2.124540E-16
6818.16959883744  2.190642E-16
6820.13028144307  2.301971E-16
6822.0909640487  2.214183E-16
6824.05164665433  2.208574E-16
6826.01232925996  2.205659E-16
6827.97301186559  2.145472E-16
6829.93369447121  2.202145E-16
6831.89437707684  2.074322E-16
6833.85505968247  2.195468E-16
6835.8157422881  2.194694E-16
6837.77642489373  2.178757E-16
6839.73710749936  2.184017E-16
6841.69779010498  2.101132E-16
6843.65847271061  2.234186E-16
6845.61915531624  2.184947E-16
6847.57983792187  2.218647E-16
6849.5405205275  2.199080E-16
6851.50120313312  2.178149E-16
6853.46188573875  2.147162E-16
6855.42256834438  2.169206E-16
6857.38325095001  2.108950E-16
6859.34393355564  2.105866E-16
6861.30461616127  2.105493E-16
6863.26529876689  2.191004E-16
6865.22598137252  2.256442E-16
6867.18666397815  2.273905E-16
6869.14734658378  2.203599E-16
6871.10802918941  2.208573E-16
6873.06871179503  2.180081E-16
6875.02939440066  2.187012E-16
6876.99007700629  2.317845E-16
6878.95075961192  2.264731E-16
6880.91144221755  2.226498E-16
6882.87212482318  2.270722E-16
6884.83280742881  2.122945E-16
6886.79349003443  2.175765E-16
6888.75417264006  2.069372E-16
6890.71485524569  2.198189E-16
6892.67553785132  2.285117E-16
6894.63622045695  2.236183E-16
6896.59690306257  2.172682E-16
6898.5575856682  2.116978E-16
6900.51826827383  2.190502E-16
6902.47895087946  2.104653E-16
6904.43963348509  2.222033E-16
6906.40031609072  2.133700E-16
6908.36099869634  2.120238E-16
6910.32168130197  2.214019E-16
6912.2823639076  2.203897E-16
6914.24304651323  2.223537E-16
6916.20372911886  2.265177E-16
6918.16441172449  2.170225E-16
6920.12509433011  2.107966E-16
6922.08577693574  2.143452E-16
6924.04645954137  2.280876E-16
6926.007142147  2.184051E-16
6927.96782475263  2.178252E-16
6929.92850735825  2.184156E-16
6931.88918996388  2.103275E-16
6933.84987256951  2.156594E-16
6935.81055517514  2.168752E-16
6937.77123778077  2.148084E-16
6939.7319203864  2.229221E-16
6941.69260299202  2.214409E-16
6943.65328559765  2.203129E-16
6945.61396820328  2.312744E-16
6947.57465080891  2.218422E-16
6949.53533341454  2.217658E-16
6951.49601602016  2.212646E-16
6953.45669862579  2.172095E-16
6955.41738123142  2.095382E-16
6957.37806383705  2.194716E-16
6959.33874644268  2.142977E-16
6961.29942904831  2.198791E-16
6963.26011165393  2.193287E-16
6965.22079425956  2.114070E-16
6967.18147686519  2.197989E-16
6969.14215947082  2.116766E-16
6971.10284207645  2.226909E-16
6973.06352468208  2.218058E-16
6975.0242072877  2.277831E-16
6976.98488989333  2.165698E-16
6978.94557249896  2.135827E-16
6980.90625510459  2.143256E-16
6982.86693771022  2.189571E-16
6984.82762031584  2.108512E-16
6986.78830292147  2.253253E-16
6988.7489855271  2.174342E-16
6990.70966813273  2.077649E-16
6992.67035073836  1.968922E-16
6994.63103334399  2.126342E-16
6996.59171594962  2.135165E-16
6998.55239855524  2.111292E-16
7000.51308116087  2.045259E-16
7002.4737637665  2.137730E-16
7004.43444637213  2.190772E-16
7006.39512897776  2.052082E-16
7008.35581158338  2.038463E-16
7010.31649418901  2.059379E-16
7012.27717679464  2.138801E-16
7014.23785940027  2.148330E-16
7016.1985420059  2.184888E-16
7018.15922461153  2.102673E-16
7020.11990721715  2.036681E-16
7022.08058982278  2.066757E-16
7024.04127242841  2.131458E-16
7026.00195503404  2.066107E-16
7027.96263763967  2.104666E-16
7029.92332024529  2.076450E-16
7031.88400285092  2.023413E-16
7033.84468545655  2.100495E-16
7035.80536806218  2.037334E-16
7037.76605066781  2.073141E-16
7039.72673327344  2.146951E-16
7041.68741587906  2.176280E-16
7043.64809848469  2.054898E-16
7045.60878109032  2.097414E-16
7047.56946369595  2.072200E-16
7049.53014630158  2.075325E-16
7051.49082890721  2.035050E-16
7053.45151151283  2.104814E-16
7055.41219411846  2.052254E-16
7057.37287672409  2.005246E-16
7059.33355932972  1.978227E-16
7061.29424193535  2.003447E-16
7063.25492454097  2.049137E-16
7065.2156071466  1.976465E-16
7067.17628975223  2.028463E-16
7069.13697235786  2.058720E-16
7071.09765496349  2.058228E-16
7073.05833756912  2.142786E-16
7075.01902017474  2.023446E-16
7076.97970278037  2.048611E-16
7078.940385386  2.049174E-16
7080.90106799163  1.996202E-16
7082.86175059726  1.997255E-16
7084.82243320288  1.956037E-16
7086.78311580851  1.898907E-16
7088.74379841414  1.926986E-16
7090.70448101977  2.000908E-16
7092.6651636254  2.103732E-16
7094.62584623103  2.067574E-16
7096.58652883665  2.068663E-16
7098.54721144228  2.014811E-16
7100.50789404791  2.051695E-16
7102.46857665354  1.985008E-16
7104.42925925917  1.886261E-16
7106.3899418648  1.919285E-16
7108.35062447042  1.934827E-16
7110.31130707605  1.909640E-16
7112.27198968168  1.867776E-16
7114.23267228731  1.890506E-16
7116.19335489294  1.969009E-16
7118.15403749857  1.866953E-16
7120.11472010419  1.902698E-16
7122.07540270982  1.969610E-16
7124.03608531545  2.037326E-16
7125.99676792108  1.961774E-16
7127.95745052671  1.844309E-16
7129.91813313234  1.945749E-16
7131.87881573796  1.971446E-16
7133.83949834359  1.892743E-16
7135.80018094922  1.969015E-16
7137.76086355485  2.060526E-16
7139.72154616048  1.995721E-16
7141.6822287661  1.962638E-16
7143.64291137173  1.928352E-16
7145.60359397736  1.925099E-16
7147.56427658299  2.029952E-16
7149.52495918862  1.968709E-16
7151.48564179425  1.974879E-16
7153.44632439987  1.905707E-16
7155.4070070055  1.959117E-16
7157.36768961113  1.998643E-16
7159.32837221676  2.022396E-16
7161.28905482239  1.935853E-16
7163.24973742801  1.873917E-16
7165.21042003364  1.909577E-16
7167.17110263927  1.933975E-16
7169.1317852449  1.913408E-16
7171.09246785053  1.968529E-16
7173.05315045616  1.980822E-16
7175.01383306178  1.909033E-16
7176.97451566741  1.832033E-16
7178.93519827304  1.786253E-16
7180.89588087867  1.958950E-16
7182.8565634843  1.867615E-16
7184.81724608993  1.809044E-16
7186.77792869555  1.905327E-16
7188.73861130118  1.931940E-16
7190.69929390681  1.944304E-16
7192.65997651244  1.983561E-16
7194.62065911807  1.980189E-16
7196.5813417237  1.840377E-16
7198.54202432932  1.883783E-16
7200.50270693495  1.852574E-16
7202.46338954058  1.854227E-16
7204.42407214621  1.817169E-16
7206.38475475184  1.869257E-16
7208.34543735746  1.971509E-16
7210.30611996309  1.937246E-16
7212.26680256872  1.839934E-16
7214.22748517435  1.936227E-16
7216.18816777998  1.950563E-16
7218.14885038561  1.952746E-16
7220.10953299123  1.970181E-16
7222.07021559686  1.942448E-16
7224.03089820249  1.995402E-16
7225.99158080812  1.987889E-16
7227.95226341375  1.976658E-16
7229.91294601937  1.965470E-16
7231.873628625  1.829752E-16
7233.83431123063  1.775319E-16
7235.79499383626  1.910767E-16
7237.75567644189  1.885363E-16
7239.71635904752  1.855081E-16
7241.67704165314  1.873200E-16
7243.63772425877  1.847392E-16
7245.5984068644  1.879651E-16
7247.55908947003  1.908417E-16
7249.51977207566  1.868581E-16
7251.48045468128  1.908022E-16
7253.44113728691  1.920056E-16
7255.40181989254  1.959199E-16
7257.36250249817  1.952282E-16
7259.3231851038  1.951037E-16
7261.28386770943  1.900279E-16
7263.24455031506  1.903751E-16
7265.20523292068  1.949834E-16
7267.16591552631  1.931214E-16
7269.12659813194  1.954472E-16
7271.08728073757  2.014649E-16
7273.0479633432  1.998573E-16
7275.00864594883  1.899597E-16
7276.96932855445  1.965042E-16
7278.93001116008  1.971112E-16
7280.89069376571  1.873760E-16
7282.85137637134  1.973942E-16
7284.81205897697  1.923941E-16
7286.77274158259  1.927789E-16
7288.73342418822  1.912239E-16
7290.69410679385  1.858490E-16
7292.65478939948  1.887128E-16
7294.61547200511  1.927525E-16
7296.57615461074  1.950369E-16
7298.53683721636  1.879529E-16
7300.49751982199  1.837174E-16
7302.45820242762  1.887852E-16
7304.41888503325  1.818627E-16
7306.37956763888  1.842442E-16
7308.3402502445  1.917966E-16
7310.30093285013  1.862297E-16
7312.26161545576  1.894648E-16
7314.22229806139  1.905474E-16
7316.18298066702  1.885495E-16
7318.14366327265  1.870574E-16
7320.10434587827  1.848124E-16
7322.0650284839  1.860437E-16
7324.02571108953  1.886891E-16
7325.98639369516  1.859318E-16
7327.94707630079  1.848350E-16
7329.90775890641  1.909958E-16
7331.86844151204  1.941351E-16
7333.82912411767  1.850291E-16
7335.7898067233  1.778137E-16
7337.75048932893  1.871265E-16
7339.71117193456  1.881022E-16
7341.67185454018  1.837119E-16
7343.63253714581  1.861618E-16
7345.59321975144  1.839139E-16
7347.55390235707  1.922039E-16
7349.5145849627  1.883614E-16
7351.47526756833  1.872180E-16
7353.43595017396  1.822392E-16
7355.39663277958  1.805463E-16
7357.35731538521  1.794711E-16
7359.31799799084  1.799103E-16
7361.27868059647  1.787255E-16
7363.2393632021  1.807268E-16
7365.20004580772  1.832102E-16
7367.16072841335  1.761412E-16
7369.12141101898  1.814741E-16
7371.08209362461  1.893159E-16
7373.04277623024  1.904423E-16
7375.00345883587  1.879091E-16
7376.96414144149  1.821458E-16
7378.92482404712  1.688002E-16
7380.88550665275  1.839431E-16
7382.84618925838  1.950650E-16
7384.80687186401  1.915750E-16
7386.76755446963  1.847679E-16
7388.72823707526  1.863418E-16
7390.68891968089  1.850717E-16
7392.64960228652  1.893322E-16
7394.61028489215  1.978014E-16
7396.57096749778  1.904286E-16
7398.5316501034  1.721844E-16
7400.49233270903  1.800093E-16
7402.45301531466  1.829355E-16
7404.41369792029  1.815545E-16
7406.37438052592  1.848562E-16
7408.33506313154  1.849974E-16
7410.29574573717  1.800244E-16
7412.2564283428  1.838462E-16
7414.21711094843  1.806412E-16
7416.17779355406  1.726040E-16
7418.13847615969  1.814823E-16
7420.09915876531  1.816568E-16
7422.05984137094  1.884698E-16
7424.02052397657  1.886738E-16
7425.9812065822  1.949727E-16
7427.94188918783  1.901107E-16
7429.90257179346  1.810600E-16
7431.86325439909  1.818628E-16
7433.82393700471  1.810866E-16
7435.78461961034  1.807336E-16
7437.74530221597  1.778687E-16
7439.7059848216  1.842891E-16
7441.66666742723  1.774358E-16
7443.62735003285  1.717061E-16
7445.58803263848  1.797131E-16
7447.54871524411  1.823447E-16
7449.50939784974  1.876836E-16
7451.47008045537  1.854403E-16
7453.430763061  1.820043E-16
7455.39144566662  1.771312E-16
7457.35212827225  1.817299E-16
7459.31281087788  1.759470E-16
7461.27349348351  1.775121E-16
7463.23417608914  1.760284E-16
7465.19485869476  1.746094E-16
7467.15554130039  1.720357E-16
7469.11622390602  1.692010E-16
7471.07690651165  1.702417E-16
7473.03758911728  1.793304E-16
7474.99827172291  1.752933E-16
7476.95895432853  1.648690E-16
7478.91963693416  1.756003E-16
7480.88031953979  1.781658E-16
7482.84100214542  1.727152E-16
7484.80168475105  1.711597E-16
7486.76236735667  1.672351E-16
7488.7230499623  1.720135E-16
7490.68373256793  1.697927E-16
7492.64441517356  1.670423E-16
7494.60509777919  1.629924E-16
7496.56578038482  1.725363E-16
7498.52646299044  1.803582E-16
7500.48714559607  1.731534E-16
7502.4478282017  1.711321E-16
7504.40851080733  1.799712E-16
7506.36919341296  1.699523E-16
7508.32987601858  1.669831E-16
7510.29055862421  1.729063E-16
7512.25124122984  1.709064E-16
7514.21192383547  1.627537E-16
7516.1726064411  1.696713E-16
7518.13328904673  1.672989E-16
7520.09397165236  1.706536E-16
7522.05465425798  1.666856E-16
7524.01533686361  1.735055E-16
7525.97601946924  1.521017E-16
7527.93670207487  1.553034E-16
7529.8973846805  1.541718E-16
7531.85806728613  1.624072E-16
7533.81874989175  1.792286E-16
7535.77943249738  1.708143E-16
7537.74011510301  1.584140E-16
7539.70079770864  1.364035E-16
7541.66148031427  1.349379E-16
7543.62216291989  1.374584E-16
7545.58284552552  1.577358E-16
7547.54352813115  1.636072E-16
7549.50421073678  1.858080E-16
7551.46489334241  1.750184E-16
7553.42557594804  1.621664E-16
7555.38625855366  1.546983E-16
7557.34694115929  1.852643E-16
7559.30762376492  1.683223E-16
7561.26830637055  1.789259E-16
7563.22898897618  1.694220E-16
7565.1896715818  1.776101E-16
7567.15035418743  1.689236E-16
7569.11103679306  1.824421E-16
7571.07171939869  1.776283E-16
7573.03240200432  1.797351E-16
7574.99308460995  1.708049E-16
7576.95376721557  1.860313E-16
7578.9144498212  1.613197E-16
7580.87513242683  1.659969E-16
7582.83581503246  1.728562E-16
7584.79649763809  1.733396E-16
7586.75718024371  1.652049E-16
7588.71786284934  1.776882E-16
7590.67854545497  1.706199E-16
7592.6392280606  1.608659E-16
7594.59991066623  1.698160E-16
7596.56059327186  1.584345E-16
7598.52127587749  1.589053E-16
7600.48195848311  1.680974E-16
7602.44264108874  1.573462E-16
7604.40332369437  1.626038E-16
7606.3640063  1.680741E-16
7608.32468890563  1.644742E-16
7610.28537151126  1.654601E-16
7612.24605411688  1.698582E-16
7614.20673672251  1.591518E-16
7616.16741932814  1.637838E-16
7618.12810193377  1.630563E-16
7620.0887845394  1.589269E-16
7622.04946714502  1.567831E-16
7624.01014975065  1.692799E-16
7625.97083235628  1.688429E-16
7627.93151496191  1.593655E-16
7629.89219756754  1.524593E-16
7631.85288017317  1.625375E-16
7633.81356277879  1.576518E-16
7635.77424538442  1.601991E-16
7637.73492799005  1.670102E-16
7639.69561059568  1.638844E-16
7641.65629320131  1.654932E-16
7643.61697580693  1.609788E-16
7645.57765841256  1.503341E-16
7647.53834101819  1.554778E-16
7649.49902362382  1.564345E-16
7651.45970622945  1.556771E-16
7653.42038883508  1.570653E-16
7655.3810714407  1.576245E-16
7657.34175404633  1.475411E-16
7659.30243665196  1.586247E-16
7661.26311925759  1.606663E-16
7663.22380186322  1.637262E-16
7665.18448446884  1.596161E-16
7667.14516707447  1.598066E-16
7669.1058496801  1.565116E-16
7671.06653228573  1.615364E-16
7673.02721489136  1.564906E-16
7674.98789749699  1.491957E-16
7676.94858010262  1.540130E-16
7678.90926270824  1.685610E-16
7680.86994531387  1.672229E-16
7682.8306279195  1.633219E-16
7684.79131052513  1.735574E-16
7686.75199313076  1.575231E-16
7688.71267573639  1.610839E-16
7690.67335834201  1.668103E-16
7692.63404094764  1.594610E-16
7694.59472355327  1.612514E-16
7696.5554061589  1.524132E-16
7698.51608876453  1.552200E-16
7700.47677137015  1.583897E-16
7702.43745397578  1.667242E-16
7704.39813658141  1.627408E-16
7706.35881918704  1.638726E-16
7708.31950179267  1.549610E-16
7710.2801843983  1.468284E-16
7712.24086700392  1.536940E-16
7714.20154960955  1.556585E-16
7716.16223221518  1.596162E-16
7718.12291482081  1.628283E-16
7720.08359742644  1.664140E-16
7722.04428003206  1.660279E-16
7724.00496263769  1.695006E-16
7725.96564524332  1.709069E-16
7727.92632784895  1.665381E-16
7729.88701045458  1.667431E-16
7731.84769306021  1.648525E-16
7733.80837566583  1.583058E-16
7735.76905827146  1.588062E-16
7737.72974087709  1.630657E-16
7739.69042348272  1.607112E-16
7741.65110608835  1.535462E-16
7743.61178869397  1.484404E-16
7745.5724712996  1.532102E-16
7747.53315390523  1.600902E-16
7749.49383651086  1.710364E-16
7751.45451911649  1.578843E-16
7753.41520172212  1.708068E-16
7755.37588432774  1.638414E-16
7757.33656693337  1.587846E-16
7759.297249539  1.609307E-16
7761.25793214463  1.676699E-16
7763.21861475026  1.643726E-16
7765.17929735589  1.706199E-16
7767.13997996152  1.564001E-16
7769.10066256714  1.558586E-16
7771.06134517277  1.561031E-16
7773.0220277784  1.595238E-16
7774.98271038403  1.587154E-16
7776.94339298966  1.494706E-16
7778.90407559528  1.534371E-16
7780.86475820091  1.527237E-16
7782.82544080654  1.576493E-16
7784.78612341217  1.532104E-16
7786.7468060178  1.518286E-16
7788.70748862343  1.634050E-16
7790.66817122905  1.552844E-16
7792.62885383468  1.587373E-16
7794.58953644031  1.561437E-16
7796.55021904594  1.598189E-16
7798.51090165157  1.544603E-16
7800.47158425719  1.492308E-16
7802.43226686282  1.636001E-16
7804.39294946845  1.654791E-16
7806.35363207408  1.541429E-16
7808.31431467971  1.492968E-16
7810.27499728534  1.513341E-16
7812.23567989096  1.591113E-16
7814.19636249659  1.578447E-16
7816.15704510222  1.599738E-16
7818.11772770785  1.699769E-16
7820.07841031348  1.526128E-16
7822.0390929191  1.467138E-16
7823.99977552473  1.520128E-16
7825.96045813036  1.543959E-16
7827.92114073599  1.567227E-16
7829.88182334162  1.477288E-16
7831.84250594725  1.598021E-16
7833.80318855287  1.495256E-16
7835.7638711585  1.444011E-16
7837.72455376413  1.518501E-16
7839.68523636976  1.597741E-16
7841.64591897539  1.606745E-16
7843.60660158102  1.756300E-16
7845.56728418664  1.432129E-16
7847.52796679227  1.382498E-16
7849.4886493979  1.561858E-16
7851.44933200353  1.547978E-16
7853.41001460916  1.425234E-16
7855.37069721478  1.519296E-16
7857.33137982041  1.536128E-16
7859.29206242604  1.602193E-16
7861.25274503167  1.569925E-16
7863.2134276373  1.578895E-16
7865.17411024293  1.578649E-16
7867.13479284855  1.448525E-16
7869.09547545418  1.440186E-16
7871.05615805981  1.502685E-16
7873.01684066544  1.562724E-16
7874.97752327107  1.515172E-16
7876.9382058767  1.524175E-16
7878.89888848232  1.497371E-16
7880.85957108795  1.481534E-16
7882.82025369358  1.428016E-16
7884.78093629921  1.434846E-16
7886.74161890484  1.424407E-16
7888.70230151046  1.452477E-16
7890.66298411609  1.492082E-16
7892.62366672172  1.556574E-16
7894.58434932735  1.459356E-16
7896.54503193298  1.562155E-16
7898.50571453861  1.639099E-16
7900.46639714423  1.505917E-16
7902.42707974986  1.434723E-16
7904.38776235549  1.394901E-16
7906.34844496112  1.385712E-16
7908.30912756675  1.507538E-16
7910.26981017238  1.504777E-16
7912.230492778  1.555650E-16
7914.19117538363  1.517284E-16
7916.15185798926  1.473258E-16
7918.11254059489  1.486764E-16
7920.07322320052  1.560739E-16
7922.03390580614  1.535632E-16
7923.99458841177  1.517877E-16
7925.9552710174  1.497932E-16
7927.91595362303  1.458588E-16
7929.87663622866  1.559163E-16
7931.83731883429  1.492891E-16
7933.79800143991  1.529213E-16
7935.75868404554  1.524369E-16
7937.71936665117  1.532483E-16
7939.6800492568  1.596883E-16
7941.64073186243  1.562733E-16
7943.60141446806  1.512107E-16
7945.56209707368  1.479205E-16
7947.52277967931  1.528336E-16
7949.48346228494  1.532564E-16
7951.44414489057  1.461411E-16
7953.4048274962  1.486253E-16
7955.36551010183  1.571252E-16
7957.32619270745  1.379635E-16
