1584.58201697484  -9.798291E-17
1586.11624488779  4.151709E-17
1587.65047280075  2.004659E-17
1589.1847007137  9.668491E-17
1590.71892862665  -1.563884E-17
1592.25315653961  -7.549879E-17
1593.78738445256  1.346386E-17
1595.32161236551  2.145189E-17
1596.85584027847  5.967538E-17
1598.39006819142  -1.077503E-16
1599.92429610437  -1.152533E-16
1601.45852401733  3.768852E-17
1602.99275193028  1.188382E-17
1604.52697984323  -4.119944E-17
1606.06120775619  2.128210E-17
1607.59543566914  -4.497286E-17
1609.12966358209  6.687215E-17
1610.66389149505  7.501528E-17
1612.198119408  -5.318810E-17
1613.73234732095  -7.014615E-17
1615.26657523391  -8.806568E-18
1616.80080314686  -3.172757E-17
1618.33503105981  -4.623232E-17
1619.86925897277  2.632348E-17
1621.40348688572  6.700948E-17
1622.93771479867  -4.082761E-17
1624.47194271163  9.012123E-17
1626.00617062458  4.537483E-17
1627.54039853753  -2.278345E-17
1629.07462645049  9.568934E-18
1630.60885436344  -1.988794E-17
1632.14308227639  -3.356485E-17
1633.67731018935  -5.959534E-18
1635.2115381023  -1.384235E-18
1636.74576601525  9.364374E-18
1638.27999392821  2.131696E-18
1639.81422184116  -8.053156E-18
1641.34844975411  -2.617888E-17
1642.88267766707  -1.424228E-17
1644.41690558002  7.296601E-17
1645.95113349297  5.475016E-17
1647.48536140593  3.121347E-17
1649.01958931888  -6.399352E-18
1650.55381723183  -2.566390E-17
1652.08804514479  -4.509998E-18
1653.62227305774  3.234120E-17
1655.15650097069  2.130411E-17
1656.69072888365  -4.774194E-18
1658.2249567966  -1.761097E-17
1659.75918470955  -8.779276E-18
1661.29341262251  6.615425E-17
1662.82764053546  6.079634E-17
1664.36186844841  -1.572825E-17
1665.89609636136  -1.973442E-17
1667.43032427432  7.313529E-17
1668.96455218727  3.561360E-17
1670.49878010023  -3.235240E-17
1672.03300801318  -1.333215E-17
1673.56723592613  -5.469195E-18
1675.10146383908  -2.603399E-17
1676.63569175204  -3.492237E-18
1678.16991966499  -1.287680E-17
1679.70414757794  2.090566E-18
1681.2383754909  1.352663E-17
1682.77260340385  2.790037E-17
1684.3068313168  1.208671E-17
1685.84105922976  -1.986339E-18
1687.37528714271  8.610680E-18
1688.90951505566  6.434314E-17
1690.44374296862  3.939423E-17
1691.97797088157  5.727139E-18
1693.51219879452  1.559746E-17
1695.04642670748  -1.675391E-17
1696.58065462043  -7.200608E-18
1698.11488253338  -9.625151E-18
1699.64911044634  -1.845270E-17
1701.18333835929  2.279318E-17
1702.71756627224  -2.207898E-17
1704.2517941852  -6.024167E-17
1705.78602209815  -1.577892E-17
1707.3202500111  1.823347E-17
1708.85447792406  2.121131E-17
1710.38870583701  -5.009403E-18
1711.92293374996  6.786006E-18
1713.45716166292  1.770135E-17
1714.99138957587  1.334801E-17
1716.52561748882  -1.339769E-17
1718.05984540178  -1.423149E-18
1719.59407331473  1.657476E-17
1721.12830122768  2.291785E-18
1722.66252914064  -1.869404E-19
1724.19675705359  -3.191442E-18
1725.73098496654  -7.378234E-18
1727.2652128795  -4.106962E-18
1728.79944079245  6.555443E-18
1730.3336687054  1.913807E-17
1731.86789661836  8.892595E-18
1733.40212453131  -1.743482E-17
1734.93635244426  -2.213136E-17
1736.47058035722  -1.728570E-17
1738.00480827017  -9.827744E-18
1739.53903618312  8.749031E-18
1741.07326409608  4.793905E-18
1742.60749200903  -1.008487E-17
1744.14171992198  1.506707E-17
1745.67594783494  2.008046E-17
1747.21017574789  6.039431E-18
1748.74440366084  4.140605E-19
1750.2786315738  -5.039385E-18
1751.81285948675  1.484132E-17
1753.3470873997  3.332153E-18
1754.88131531265  5.056653E-18
1756.41554322561  8.299305E-18
1757.94977113856  2.449239E-17
1759.48399905151  1.095249E-17
1761.01822696447  1.978735E-18
1762.55245487742  -2.051580E-18
1764.08668279037  1.309686E-17
1765.62091070333  9.802188E-18
1767.15513861628  1.834334E-17
1768.68936652923  -3.196010E-18
1770.22359444219  -1.273388E-17
1771.75782235514  -1.527964E-17
1773.29205026809  1.401381E-17
1774.82627818105  1.777172E-17
1776.360506094  -6.129116E-18
1777.89473400695  -1.409250E-17
1779.42896191991  1.469157E-17
1780.96318983286  2.499206E-17
1782.49741774581  6.598462E-18
1784.03164565877  -1.206658E-18
1785.56587357172  3.963555E-18
1787.10010148467  -9.426894E-18
1788.63432939763  8.363594E-18
1790.16855731058  1.048590E-18
1791.70278522353  -2.039601E-17
1793.23701313649  -8.695338E-18
1794.77124104944  -8.855641E-18
1796.30546896239  7.047676E-18
1797.83969687535  -2.278435E-18
1799.3739247883  7.436193E-19
1800.90815270125  1.767799E-17
1802.44238061421  -3.159113E-18
1803.97660852716  -2.090809E-17
1805.51083644011  -8.645908E-18
1807.04506435307  1.186357E-17
1808.57929226602  5.344158E-18
1810.11352017897  -1.374035E-17
1811.64774809193  -6.799182E-18
1813.18197600488  1.013376E-17
1814.71620391783  -2.245859E-18
1816.25043183079  2.522401E-18
1817.78465974374  1.191439E-17
1819.31888765669  4.586689E-18
1820.85311556965  -3.743015E-19
1822.3873434826  8.807150E-19
1823.92157139555  -2.948870E-19
1825.45579930851  8.610574E-18
1826.99002722146  1.517386E-17
1828.52425513441  1.135964E-17
1830.05848304736  9.114156E-18
1831.59271096032  4.771384E-20
1833.12693887327  -5.592991E-18
1834.66116678622  -1.253497E-17
1836.19539469918  -2.720404E-18
1837.72962261213  2.464547E-18
1839.26385052508  -1.164088E-18
1840.79807843804  -8.956640E-19
1842.33230635099  -1.005170E-19
1843.86653426394  -6.137229E-18
1845.4007621769  -1.063514E-17
1846.93499008985  -3.456348E-18
1848.4692180028  -4.985149E-19
1850.00344591576  4.901706E-18
1851.53767382871  2.140167E-18
1853.07190174166  8.154047E-18
1854.60612965462  4.396814E-18
1856.14035756757  -1.646662E-18
1857.67458548052  -6.521224E-18
1859.20881339348  2.837811E-18
1860.74304130643  -1.024631E-18
1862.27726921938  -1.314277E-17
1863.81149713234  -1.796996E-17
1865.34572504529  -1.519145E-17
1866.87995295824  -9.310109E-18
1868.4141808712  -1.229686E-17
1869.94840878415  -8.436896E-18
1871.4826366971  -7.324096E-19
1873.01686461006  8.118253E-18
1874.55109252301  7.193263E-18
1876.08532043596  4.575363E-18
1877.61954834892  -5.772788E-18
1879.15377626187  -1.232982E-17
1880.68800417482  -5.703270E-18
1882.22223208778  3.496061E-18
1883.75646000073  7.641573E-18
1885.29068791368  3.806403E-18
1886.82491582664  5.292369E-18
1888.35914373959  -1.740575E-19
1889.89337165254  7.319273E-18
1891.4275995655  8.014252E-18
1892.96182747845  1.008353E-17
1894.4960553914  9.747458E-18
1896.03028330436  9.101893E-18
1897.56451121731  4.661433E-18
1899.09873913026  1.152469E-17
1900.63296704322  7.037139E-18
1902.16719495617  -6.986727E-18
1903.70142286912  -1.585119E-18
1905.23565078208  -2.990579E-18
1906.76987869503  1.003807E-18
1908.30410660798  -2.771200E-18
1909.83833452094  -3.775342E-19
1911.37256243389  1.139213E-17
1912.90679034684  -4.182564E-19
1914.4410182598  -6.118785E-18
1915.97524617275  1.507252E-18
1917.5094740857  1.742137E-18
1919.04370199866  -1.594821E-18
1920.57792991161  -1.445321E-18
1922.11215782456  -1.865974E-18
1923.64638573751  -5.573268E-18
1925.18061365047  1.827185E-18
1926.71484156342  -6.024454E-18
1928.24906947637  -6.320340E-18
1929.78329738933  1.423683E-17
1931.31752530228  1.370736E-17
1932.85175321523  1.677917E-18
1934.38598112819  1.668873E-18
1935.92020904114  1.514463E-18
1937.45443695409  7.905681E-18
1938.98866486705  1.098140E-17
1940.52289278  6.734237E-18
1942.05712069295  3.270402E-18
1943.59134860591  2.665652E-18
1945.12557651886  4.357163E-18
1946.65980443181  -3.956709E-19
1948.19403234477  1.334242E-18
1949.72826025772  1.211599E-18
1951.26248817067  -3.182917E-19
1952.79671608363  1.039182E-17
1954.33094399658  7.606295E-18
1955.86517190953  1.332356E-18
1957.39939982249  1.669814E-17
1958.93362773544  2.187251E-17
1960.46785564839  4.560247E-18
1962.00208356135  -5.091808E-18
1963.5363114743  2.539876E-18
1965.07053938725  3.918240E-18
1966.60476730021  1.386273E-18
1968.13899521316  -1.276114E-18
1969.67322312611  1.871805E-18
1971.20745103907  7.587474E-18
1972.74167895202  5.911077E-19
1974.27590686497  -7.294659E-18
1975.81013477793  -3.219497E-18
1977.34436269088  1.535434E-18
1978.87859060383  -9.416208E-19
1980.41281851679  -4.517079E-18
1981.94704642974  -2.682775E-18
1983.48127434269  -4.373064E-18
1985.01550225565  -8.090051E-18
1986.5497301686  -1.476425E-18
1988.08395808155  -4.618250E-18
1989.61818599451  -7.550486E-18
1991.15241390746  3.905685E-18
1992.68664182041  1.694785E-17
1994.22086973337  1.249635E-17
1995.75509764632  1.185548E-18
1997.28932555927  2.486737E-18
1998.82355347222  7.695080E-19
2000.35778138518  3.640867E-19
2001.89200929813  7.781338E-18
2003.42623721109  6.325490E-18
2004.96046512404  6.560727E-18
2006.49469303699  4.555765E-18
2008.02892094994  -1.438797E-18
2009.5631488629  -7.006250E-18
2011.09737677585  -5.982568E-18
2012.6316046888  -9.447851E-19
2014.16583260176  6.150300E-18
2015.70006051471  5.908627E-18
2017.23428842766  1.676066E-19
2018.76851634062  -5.886016E-18
2020.30274425357  -6.422322E-18
2021.83697216652  -1.439524E-18
2023.37120007948  1.453929E-18
2024.90542799243  4.752464E-18
2026.43965590538  1.188089E-18
2027.97388381834  -1.766308E-18
2029.50811173129  6.970893E-19
2031.04233964424  5.768420E-19
2032.5765675572  4.263376E-19
2034.11079547015  1.392048E-18
2035.6450233831  -4.478398E-18
2037.17925129606  -1.011510E-17
2038.71347920901  -7.519276E-18
2040.24770712196  -4.789564E-19
2041.78193503492  3.661102E-18
2043.31616294787  -2.210675E-18
2044.85039086082  4.510651E-20
2046.38461877378  5.457654E-18
2047.91884668673  -9.823677E-19
2049.45307459968  -5.530094E-18
2050.98730251264  -1.359407E-18
2052.52153042559  2.792922E-18
2054.05575833854  2.855823E-18
2055.5899862515  -1.778601E-18
2057.12421416445  -3.274639E-18
2058.6584420774  -3.190030E-18
2060.19266999036  2.158625E-18
2061.72689790331  1.637792E-18
2063.26112581626  -4.370499E-18
2064.79535372922  -5.041878E-18
2066.32958164217  -1.364796E-18
2067.86380955512  3.208034E-18
2069.39803746808  -7.696418E-19
2070.93226538103  -9.049187E-18
2072.46649329398  -7.641543E-18
2074.00072120694  1.551681E-18
2075.53494911989  5.204888E-18
2077.06917703284  2.794119E-18
2078.6034049458  4.965014E-19
2080.13763285875  3.654018E-18
2081.6718607717  2.667928E-18
2083.20608868466  -1.093978E-18
2084.74031659761  3.689127E-18
2086.27454451056  1.098419E-17
2087.80877242351  8.682127E-18
2089.34300033647  1.008499E-18
2090.87722824942  -2.165201E-18
2092.41145616237  -5.879683E-19
2093.94568407533  5.783081E-18
2095.47991198828  6.329291E-18
2097.01413990123  4.741276E-18
2098.54836781419  3.037881E-18
2100.08259572714  1.972323E-18
2101.61682364009  4.572002E-18
2103.15105155305  6.978263E-18
2104.685279466  1.860765E-18
2106.21950737895  2.318417E-18
2107.75373529191  5.326038E-18
2109.28796320486  4.481043E-18
2110.82219111781  -1.237608E-18
2112.35641903077  -2.094005E-18
2113.89064694372  -1.002601E-18
2115.42487485667  3.940877E-18
2116.95910276963  4.270223E-18
2118.49333068258  3.383549E-18
2120.02755859553  4.591434E-18
2121.56178650849  4.344202E-18
2123.09601442144  6.703059E-18
2124.63024233439  5.540872E-18
2126.16447024735  2.714806E-19
2127.6986981603  3.915102E-19
2129.23292607325  -2.097799E-18
2130.76715398621  -5.296296E-18
2132.30138189916  -1.822849E-18
2133.83560981211  -7.778596E-19
2135.36983772507  -3.023816E-18
2136.90406563802  -6.482790E-19
2138.43829355097  -7.796195E-19
2139.97252146393  -1.869278E-19
2141.50674937688  -3.273725E-18
2143.04097728983  -2.879390E-18
2144.57520520279  -1.255731E-18
2146.10943311574  -2.326423E-18
2147.64366102869  3.131440E-18
2149.17788894165  3.540960E-18
2150.7121168546  2.529193E-18
2152.24634476755  1.078643E-18
2153.78057268051  1.306449E-18
2155.31480059346  9.351195E-18
2156.84902850641  6.870078E-18
2158.38325641937  6.312953E-18
2159.91748433232  5.983605E-18
2161.45171224527  8.485281E-18
2162.98594015822  8.549419E-18
2164.52016807118  2.026347E-19
2166.05439598413  -5.041916E-18
2167.58862389709  -1.449359E-18
2169.12285181004  8.514073E-19
2170.65707972299  -1.951708E-19
2172.19130763595  -2.991019E-18
2173.7255355489  1.237034E-19
2175.25976346185  9.257787E-19
2176.7939913748  1.059684E-18
2178.32821928776  1.453299E-18
2179.86244720071  3.160824E-18
2181.39667511366  -1.520155E-18
2182.93090302662  -1.477679E-18
2184.46513093957  -2.805185E-18
2185.99935885252  -8.413426E-18
2187.53358676548  -5.037228E-18
2189.06781467843  1.052371E-18
2190.60204259138  4.875112E-18
2192.13627050434  9.179467E-19
2193.67049841729  -2.925513E-18
2195.20472633024  -5.657601E-19
2196.7389542432  -5.639335E-19
2198.27318215615  -1.039670E-19
2199.8074100691  1.581872E-18
2201.34163798206  2.145338E-18
2202.87586589501  4.729807E-18
2204.41009380796  7.335884E-18
2205.94432172092  2.741720E-18
2207.47854963387  -6.032584E-19
2209.01277754682  1.164460E-18
2210.54700545978  4.548658E-18
2212.08123337273  1.387905E-18
2213.61546128568  -1.312545E-18
2215.14968919864  4.248421E-19
2216.68391711159  3.061867E-18
2218.21814502454  1.139501E-18
2219.7523729375  1.015548E-18
2221.28660085045  5.641915E-18
2222.8208287634  3.977663E-18
2224.35505667636  3.508568E-18
2225.88928458931  5.749770E-19
2227.42351250226  -4.965273E-18
2228.95774041522  -6.034259E-18
2230.49196832817  -1.006895E-18
2232.02619624112  -2.009830E-18
2233.56042415408  -5.888680E-18
2235.09465206703  -4.016273E-18
2236.62887997998  -4.877263E-18
2238.16310789294  -2.368332E-18
2239.69733580589  -1.783454E-18
2241.23156371884  -1.776523E-18
2242.7657916318  1.816776E-18
2244.30001954475  4.404660E-18
2245.8342474577  5.027037E-18
2247.36847537066  1.017278E-18
2248.90270328361  -2.051676E-18
2250.43693119656  -6.298037E-19
2251.97115910951  3.604684E-19
2253.50538702247  -4.841768E-18
2255.03961493542  -7.746265E-18
2256.57384284837  -5.144041E-18
2258.10807076133  -4.746555E-18
2259.64229867428  -1.358030E-18
2261.17652658723  4.288297E-18
2262.71075450019  -1.130817E-18
2264.24498241314  -2.243489E-18
2265.77921032609  -7.557350E-19
2267.31343823905  4.041022E-18
2268.847666152  1.126740E-17
2270.38189406495  1.068364E-18
2271.91612197791  2.754462E-18
2273.45034989086  1.921055E-18
2274.98457780381  -5.659979E-19
2276.51880571677  2.507060E-18
2278.05303362972  1.921917E-18
2279.58726154267  -2.111172E-18
2281.12148945563  -9.092959E-19
2282.65571736858  -4.556048E-19
2284.18994528153  9.152787E-19
2285.72417319449  8.171845E-19
2287.25840110744  2.029024E-18
2288.79262902039  -1.574508E-18
2290.32685693335  2.725710E-18
2291.8610848463  4.257674E-18
2293.39531275925  1.331959E-19
2294.92954067221  -1.860738E-18
2296.46376858516  2.238827E-18
2297.99799649811  1.977741E-18
2299.53222441107  -1.821183E-18
2301.06645232402  -5.639793E-19
2302.60068023697  2.887348E-18
2304.13490814993  1.570254E-18
2305.66913606288  -2.424455E-19
2307.20336397583  -2.319090E-18
2308.73759188879  1.545977E-18
2310.27181980174  -1.702303E-18
2311.80604771469  -4.558744E-18
2313.34027562765  -2.924966E-18
2314.8745035406  -7.943577E-19
2316.40873145355  -2.307999E-18
2317.94295936651  2.662858E-18
2319.47718727946  3.085801E-18
2321.01141519241  2.432349E-18
2322.54564310537  4.937096E-18
2324.07987101832  -9.357826E-19
2325.61409893127  -7.687104E-19
2327.14832684423  5.129164E-20
2328.68255475718  -4.030957E-18
2330.21678267013  -1.099746E-18
2331.75101058309  5.171965E-20
2333.28523849604  -6.560329E-19
2334.81946640899  -1.538484E-18
2336.35369432195  -1.061081E-18
2337.8879222349  1.797051E-18
2339.42215014785  -9.983713E-20
2340.95637806081  -1.878585E-19
2342.49060597376  5.502959E-19
2344.02483388671  -2.952758E-18
2345.55906179966  4.115775E-19
2347.09328971262  3.787386E-18
2348.62751762557  1.958159E-18
2350.16174553852  -1.364389E-18
2351.69597345148  -9.187041E-19
2353.23020136443  -2.161687E-18
2354.76442927738  -1.440943E-18
2356.29865719034  1.435488E-19
2357.83288510329  -5.720281E-19
2359.36711301624  4.596698E-19
2360.9013409292  1.830840E-18
2362.43556884215  -2.092214E-18
2363.9697967551  -3.135607E-18
2365.50402466806  -2.546113E-18
2367.03825258101  1.824872E-18
2368.57248049396  5.199793E-18
2370.10670840692  -6.063740E-19
2371.64093631987  1.965836E-19
2373.17516423282  3.267405E-18
2374.70939214578  3.506318E-18
2376.24362005873  1.179967E-18
2377.77784797168  1.970623E-18
2379.31207588464  1.600160E-18
2380.84630379759  -1.349704E-19
2382.38053171054  -3.531618E-19
2383.9147596235  9.265770E-19
2385.44898753645  5.447785E-19
2386.9832154494  -1.554419E-18
2388.51744336236  -8.969438E-19
2390.05167127531  2.091128E-18
2391.58589918826  -2.579518E-18
2393.12012710122  -1.427656E-18
2394.65435501417  1.172876E-18
2396.18858292712  2.260210E-18
2397.72281084008  -7.950635E-19
2399.25703875303  3.565613E-19
2400.79126666598  -1.512459E-18
2402.32549457894  -7.089975E-19
2403.85972249189  7.217250E-19
2405.39395040484  1.703825E-18
2406.9281783178  1.782393E-18
2408.46240623075  -1.329928E-18
2409.9966341437  -3.045061E-18
2411.53086205666  2.400518E-18
2413.06508996961  2.941483E-18
2414.59931788256  3.775677E-19
2416.13354579552  1.060845E-18
2417.66777370847  -1.822751E-18
2419.20200162142  -3.108520E-18
2420.73622953437  -2.847488E-18
2422.27045744733  -1.353815E-18
2423.80468536028  -8.144604E-19
2425.33891327323  -8.453077E-19
2426.87314118619  1.081878E-18
2428.40736909914  -1.509517E-18
2429.94159701209  -2.972108E-18
2431.47582492505  2.113228E-18
2433.010052838  -8.790078E-21
2434.54428075096  4.139375E-19
2436.07850866391  5.340752E-18
2437.61273657686  2.137944E-18
2439.14696448981  2.203956E-18
2440.68119240277  2.467333E-18
2442.21542031572  2.774430E-18
2443.74964822867  2.446657E-18
2445.28387614163  8.413324E-19
2446.81810405458  2.794170E-18
2448.35233196753  5.703657E-18
2449.88655988049  4.280341E-18
2451.42078779344  -9.130140E-19
2452.95501570639  -8.055854E-19
2454.48924361935  1.859769E-18
2456.0234715323  -9.444048E-19
2457.55769944525  -2.995045E-18
2459.09192735821  -3.181695E-18
2460.62615527116  7.611002E-19
2462.16038318411  1.696584E-18
2463.69461109707  -2.165465E-18
2465.22883901002  -3.903956E-18
2466.76306692297  2.920632E-19
2468.29729483593  -6.061515E-19
2469.83152274888  -9.810913E-19
2471.36575066183  -2.470770E-18
2472.89997857479  -1.490305E-18
2474.43420648774  -2.241808E-18
2475.96843440069  -1.832064E-18
2477.50266231365  -1.570670E-18
2479.0368902266  -1.221389E-19
2480.57111813955  3.329795E-18
2482.10534605251  1.781163E-18
2483.63957396546  -2.452951E-18
2485.17380187841  -2.886298E-18
2486.70802979137  -1.944599E-18
2488.24225770432  -2.378630E-18
2489.77648561727  -8.910416E-19
2491.31071353022  -3.344087E-19
2492.84494144318  3.465173E-18
2494.37916935613  7.805469E-19
2495.91339726909  3.262905E-18
2497.44762518204  1.794033E-18
2498.98185309499  -1.541573E-18
2500.51608100795  -2.521239E-18
2502.0503089209  -2.276745E-19
2503.58453683385  1.979605E-18
2505.1187647468  2.842387E-18
2506.65299265976  1.996523E-18
2508.18722057271  1.570029E-18
2509.72144848566  3.232333E-18
2511.25567639862  2.581381E-18
2512.78990431157  2.562571E-18
2514.32413222452  1.342924E-18
2515.85836013748  1.999397E-19
2517.39258805043  1.904759E-18
2518.92681596338  1.760926E-18
2520.46104387634  2.208429E-18
2521.99527178929  1.947159E-18
2523.52949970224  2.462859E-18
2525.0637276152  7.176806E-18
2526.59795552815  6.941575E-18
2528.1321834411  2.571623E-18
2529.66641135406  -4.281392E-19
2531.20063926701  -2.446163E-18
2532.73486717996  -1.802291E-19
2534.26909509292  5.238773E-18
2535.80332300587  -6.735940E-19
2537.33755091882  -3.192061E-18
2538.87177883178  1.662591E-18
2540.40600674473  3.314493E-18
2541.94023465768  1.587980E-18
2543.47446257064  4.793806E-18
2545.00869048359  6.538658E-18
2546.54291839654  2.767050E-18
2548.0771463095  2.296882E-18
2549.61137422245  1.648259E-18
2551.1456021354  1.815230E-19
2552.67983004836  -5.039347E-19
2554.21405796131  -1.531242E-18
2555.74828587426  -1.443217E-18
2557.28251378722  -1.554156E-18
2558.81674170017  -1.612108E-18
2560.35096961312  -7.072803E-20
2561.88519752608  1.036003E-18
2563.41942543903  -6.541337E-19
2564.95365335198  2.680076E-18
2566.48788126494  1.294601E-19
2568.02210917789  2.968294E-18
2569.55633709084  3.011307E-18
2571.0905650038  -4.243109E-18
2572.62479291675  -3.019303E-18
2574.1590208297  1.818012E-18
2575.69324874266  2.922503E-18
2577.22747665561  2.096268E-18
2578.76170456856  7.906042E-19
2580.29593248152  8.766240E-19
2581.83016039447  1.779261E-18
2583.36438830742  3.236718E-18
2584.89861622038  2.582727E-18
2586.43284413333  2.163813E-18
2587.96707204628  1.281551E-18
2589.50129995923  2.051221E-19
2591.03552787219  2.720237E-18
2592.56975578514  3.967135E-18
2594.10398369809  1.214296E-18
2595.63821161105  -1.636189E-18
2597.172439524  -8.800514E-19
2598.70666743695  4.433072E-18
2600.24089534991  4.495369E-18
2601.77512326286  -3.294215E-19
2603.30935117581  -9.061893E-19
2604.84357908877  -8.587621E-19
2606.37780700172  1.738907E-19
2607.91203491467  -1.300919E-18
2609.44626282763  -3.760053E-18
2610.98049074058  -3.835215E-18
2612.51471865353  -2.028639E-18
2614.04894656649  1.431942E-18
2615.58317447944  2.162178E-18
2617.11740239239  1.113360E-18
2618.65163030535  -4.747484E-19
2620.1858582183  6.928449E-19
2621.72008613125  2.555140E-18
2623.25431404421  1.164776E-18
2624.78854195716  1.630287E-18
2626.32276987011  2.439322E-18
2627.85699778307  3.946480E-18
2629.39122569602  1.317346E-18
2630.92545360897  -4.425782E-19
2632.45968152193  -1.039738E-18
2633.99390943488  5.603671E-18
2635.52813734783  6.097611E-18
2637.06236526079  3.387569E-19
2638.59659317374  1.297473E-18
2640.13082108669  1.069310E-18
2641.66504899965  -2.381969E-18
2643.1992769126  -2.021174E-19
2644.73350482555  5.509941E-19
2646.26773273851  -9.840471E-19
2647.80196065146  -4.353815E-19
2649.33618856441  -4.788301E-19
2650.87041647737  2.111922E-18
2652.40464439032  2.227208E-18
2653.93887230327  1.785996E-18
2655.47310021623  -6.081334E-19
2657.00732812918  2.382703E-18
2658.54155604213  1.432001E-18
2660.07578395509  1.402038E-18
2661.61001186804  7.229307E-19
2663.14423978099  2.240345E-18
2664.67846769395  2.860825E-18
2666.2126956069  2.661773E-18
2667.74692351985  -2.567039E-19
2669.2811514328  8.122785E-19
2670.81537934576  6.573053E-19
2672.34960725871  1.990671E-20
2673.88383517167  1.051226E-18
2675.41806308462  7.732316E-19
2676.95229099757  3.678934E-18
2678.48651891053  1.596761E-18
2680.02074682348  -8.054384E-19
2681.55497473643  2.727314E-18
2683.08920264939  3.102816E-18
2684.62343056234  1.683602E-18
2686.15765847529  1.044089E-18
2687.69188638824  3.367922E-19
2689.2261143012  -2.239771E-18
2690.76034221415  -2.627307E-18
2692.2945701271  8.758932E-19
2693.82879804006  -1.007388E-18
2695.36302595301  -2.217779E-18
2696.89725386596  -1.404458E-18
2698.43148177892  1.361673E-18
2699.96570969187  1.675994E-19
2701.49993760482  2.663388E-19
2703.03416551778  -3.818652E-19
2704.56839343073  3.626679E-18
2706.10262134368  2.093774E-18
2707.63684925664  -4.187776E-19
2709.17107716959  -5.537749E-19
2710.70530508254  1.615146E-18
2712.2395329955  3.023937E-18
2713.77376090845  1.370665E-18
2715.3079888214  4.259746E-19
2716.84221673436  1.103793E-18
2718.37644464731  3.146036E-18
2719.91067256026  4.492219E-18
2721.44490047322  1.230254E-18
2722.97912838617  -7.000811E-19
2724.51335629912  2.007301E-18
2726.04758421208  -7.442978E-20
2727.58181212503  2.459231E-20
2729.11604003798  2.079841E-18
2730.65026795094  3.077914E-18
2732.18449586389  3.147567E-18
2733.71872377684  2.787444E-18
2735.2529516898  -1.767154E-18
2736.78717960275  -2.597857E-18
2738.3214075157  1.463503E-18
2739.85563542866  1.778380E-18
2741.38986334161  -5.835269E-19
2742.92409125456  -2.193229E-18
2744.45831916752  -1.299797E-18
2745.99254708047  -2.510446E-18
2747.52677499342  -2.358275E-18
2749.06100290638  2.518064E-19
2750.59523081933  2.179128E-19
2752.12945873228  -4.510971E-19
2753.66368664524  -6.285488E-19
2755.19791455819  -4.221769E-19
2756.73214247114  -2.255224E-18
2758.26637038409  -3.196381E-18
2759.80059829705  9.733710E-19
2761.33482621  8.679146E-19
2762.86905412295  2.064704E-19
2764.40328203591  2.084617E-19
2765.93750994886  1.373122E-18
2767.47173786181  -7.754853E-19
2769.00596577477  -1.753807E-18
2770.54019368772  -1.764577E-18
2772.07442160067  -1.587696E-18
2773.60864951363  -6.864693E-19
2775.14287742658  3.034844E-18
2776.67710533953  4.209424E-18
2778.21133325249  4.009122E-18
2779.74556116544  1.046995E-18
2781.27978907839  -5.244251E-19
2782.81401699135  3.053457E-18
2784.3482449043  3.543025E-18
2785.88247281725  1.975583E-18
2787.41670073021  -5.793550E-19
2788.95092864316  -1.137554E-18
2790.48515655611  9.426965E-19
2792.01938446907  7.510017E-19
2793.55361238202  -5.771540E-19
2795.08784029497  -1.624428E-18
2796.62206820793  -1.359286E-18
2798.15629612088  3.971332E-19
2799.69052403383  2.945462E-18
2801.22475194679  3.501762E-18
2802.75897985974  1.880764E-18
2804.29320777269  -1.054586E-18
2805.82743568565  -4.776806E-19
2807.3616635986  1.725374E-18
2808.89589151155  1.949168E-18
2810.43011942451  1.328024E-18
2811.96434733746  1.889678E-18
2813.49857525041  1.429621E-18
2815.03280316337  -2.398333E-19
2816.56703107632  1.508454E-18
2818.10125898927  1.993282E-18
2819.63548690223  -4.572682E-19
2821.16971481518  -1.270398E-18
2822.70394272813  -3.799191E-19
2824.23817064108  -3.073665E-19
2825.77239855404  -9.215005E-19
2827.30662646699  3.362868E-19
2828.84085437994  -5.691794E-19
2830.3750822929  9.044877E-20
2831.90931020585  2.910445E-19
2833.4435381188  -7.814983E-19
2834.97776603176  1.107133E-18
2836.51199394471  4.258909E-18
2838.04622185767  4.157397E-18
2839.58044977062  3.335632E-18
2841.11467768357  1.676879E-18
2842.64890559652  1.841531E-18
2844.18313350948  -1.988110E-20
2845.71736142243  -1.673375E-18
2847.25158933539  -2.251362E-18
2848.78581724834  -1.463996E-18
2850.32004516129  8.575545E-19
2851.85427307424  1.002162E-18
2853.3885009872  8.299763E-19
2854.92272890015  2.966579E-18
2856.4569568131  2.716332E-18
2857.99118472606  3.840827E-18
2859.52541263901  4.643928E-18
2861.05964055196  1.427152E-18
2862.59386846492  -2.459228E-18
2864.12809637787  -3.025284E-18
2865.66232429082  -1.285429E-18
2867.19655220378  -9.809908E-19
2868.73078011673  -5.822497E-19
2870.26500802968  1.963466E-18
2871.79923594264  5.122696E-18
2873.33346385559  1.193227E-18
2874.86769176854  -1.871472E-18
2876.4019196815  -1.465401E-18
2877.93614759445  -1.268004E-18
2879.4703755074  2.215143E-18
2881.00460342036  3.492728E-18
2882.53883133331  1.595768E-19
2884.07305924626  -7.433596E-19
2885.60728715922  2.359875E-18
2887.14151507217  3.226576E-18
2888.67574298512  -2.226751E-19
2890.20997089808  -2.653738E-18
2891.74419881103  -1.560621E-18
2893.27842672398  -2.441699E-19
2894.81265463694  -2.061131E-18
2896.34688254989  -3.111890E-18
2897.88111046284  4.755124E-19
2899.4153383758  2.195190E-18
2900.94956628875  9.596954E-19
2902.4837942017  3.764567E-18
2904.01802211466  3.627581E-18
2905.55225002761  1.420656E-18
2907.08647794056  1.152926E-18
2908.62070585352  1.377639E-18
2910.15493376647  4.154074E-18
2911.68916167942  2.855828E-18
2913.22338959238  3.969600E-19
2914.75761750533  -1.273545E-18
2916.29184541828  -1.354990E-18
2917.82607333123  2.663839E-18
2919.36030124419  4.703802E-18
2920.89452915714  2.186903E-18
2922.42875707009  -2.781897E-18
2923.96298498305  -4.077688E-18
2925.497212896  -1.954813E-18
2927.03144080896  2.893596E-19
2928.56566872191  3.865333E-19
2930.09989663486  -1.093399E-18
2931.63412454781  -2.507100E-18
2933.16835246077  -1.465374E-18
2934.70258037372  1.111191E-18
2936.23680828667  6.130649E-19
2937.77103619963  -6.864651E-19
2939.30526411258  -1.521786E-18
2940.83949202553  2.763573E-18
2942.37371993849  3.685465E-18
2943.90794785144  2.598719E-19
2945.44217576439  5.276971E-19
2946.97640367735  2.112567E-18
2948.5106315903  1.881337E-18
2950.04485950325  -1.245811E-18
2951.57908741621  -4.006252E-18
2953.11331532916  -1.452971E-18
2954.64754324211  1.651497E-18
2956.18177115507  -2.791586E-19
2957.71599906802  1.327452E-19
2959.25022698097  2.554217E-18
2960.78445489393  5.525916E-19
2962.31868280688  -7.197633E-19
2963.85291071983  1.411084E-18
2965.38713863279  -1.064598E-19
2966.92136654574  1.664526E-18
2968.45559445869  4.093310E-18
2969.98982237165  5.463764E-19
2971.5240502846  1.317342E-18
2973.05827819755  1.325126E-18
2974.59250611051  -3.683227E-18
2976.12673402346  -1.274623E-18
2977.66096193641  1.345524E-18
2979.19518984937  9.492301E-20
2980.72941776232  -8.811912E-20
2982.26364567527  -1.518223E-18
2983.79787358823  -2.080878E-18
2985.33210150118  4.894509E-19
2986.86632941413  2.995374E-18
2988.40055732709  1.421722E-18
2989.93478524004  3.804554E-19
2991.46901315299  3.110467E-18
2993.00324106595  1.333500E-18
2994.5374689789  -1.453128E-18
2996.07169689185  2.477662E-18
2997.60592480481  5.161493E-18
2999.14015271776  2.234697E-18
3000.67438063071  -1.832952E-18
3002.20860854367  -2.808656E-19
3003.74283645662  9.890082E-19
3005.27706436957  5.038497E-19
3006.81129228252  5.761479E-18
3008.34552019548  9.513116E-18
3009.87974810843  3.096531E-18
3011.41397602139  -2.266649E-18
3012.94820393434  -3.725031E-18
3014.48243184729  -5.188942E-18
3016.01665976024  -4.746749E-18
3017.5508876732  -4.634118E-18
3019.08511558615  -4.003789E-18
3020.6193434991  -4.045426E-18
3022.15357141206  -9.543325E-19
3023.68779932501  -9.637449E-20
3025.22202723796  -8.376132E-19
3026.75625515092  2.159457E-18
3028.29048306387  2.325277E-18
3029.82471097682  5.215340E-18
3031.35893888978  8.230242E-18
3032.89316680273  3.661039E-18
3034.42739471568  -1.296227E-18
3035.96162262864  -1.389453E-18
3037.49585054159  3.903533E-18
3039.03007845454  6.407265E-18
3040.5643063675  1.072482E-18
3042.09853428045  9.581024E-19
3043.6327621934  5.768474E-18
3045.16699010636  1.015635E-17
3046.70121801931  6.831070E-18
3048.23544593226  -2.204148E-18
3049.76967384522  -2.010258E-18
3051.30390175817  2.425448E-18
3052.83812967112  2.183077E-18
3054.37235758408  1.133047E-18
3055.90658549703  -5.058377E-18
3057.44081340998  -6.913897E-18
3058.97504132294  2.248783E-18
3060.50926923589  7.550854E-18
3062.04349714884  8.261564E-18
3063.5777250618  7.451294E-18
3065.11195297475  6.476539E-19
3066.6461808877  -9.910042E-19
3068.18040880066  8.662039E-18
3069.71463671361  5.759829E-18
3071.24886462656  3.572896E-18
3072.78309253952  7.562440E-18
3074.31732045247  2.299459E-18
3075.85154836542  -1.112785E-18
3077.38577627838  -4.387422E-18
3078.92000419133  -7.332622E-18
3080.45423210428  -2.403160E-18
3081.98846001724  3.225730E-18
3083.52268793019  6.324635E-18
3085.05691584314  1.785972E-17
3086.5911437561  1.414801E-17
3088.12537166905  6.088565E-18
3089.659599582  9.787248E-18
3091.19382749495  6.602298E-18
3092.72805540791  8.941212E-18
3094.26228332086  1.188171E-17
3095.79651123382  5.317009E-18
3097.33073914677  -5.958109E-18
3098.86496705972  -1.031138E-17
3100.39919497267  -7.208925E-18
3101.93342288563  -5.172439E-19
3103.46765079858  1.578572E-17
3105.00187871153  1.898245E-17
3106.53610662449  5.044983E-18
3108.07033453744  1.299783E-18
3109.60456245039  5.863758E-18
3111.13879036335  -3.438218E-18
3112.6730182763  -1.094596E-17
3114.20724618925  2.009715E-18
3115.74147410221  2.507722E-18
3117.27570201516  -9.060156E-18
3118.80992992811  -4.109111E-18
3120.34415784107  3.325739E-18
3121.87838575402  1.394864E-18
3123.41261366697  8.940811E-18
3124.94684157993  8.287159E-18
3126.48106949288  8.073342E-18
3128.01529740583  -6.972050E-19
