# radius mass k_2
2.739423201100155936e+01 1.342717051765000835e-01 1.411074289624548745e-03
2.634869512118748958e+01 1.367454529104275007e-01 1.648178497046230923e-03
2.538810923652605211e+01 1.393095773616397359e-01 1.917404767299772488e-03
2.450346341031319497e+01 1.419657903520426812e-01 2.221616029214070441e-03
2.368693743453664169e+01 1.447159220771456756e-01 2.562840901080049808e-03
2.293172533506802679e+01 1.475618759017478521e-01 2.944177487095164629e-03
2.223187351659057498e+01 1.505056458277633791e-01 3.367565594242025260e-03
2.158213543171495630e+01 1.535494132082300123e-01 3.835807797154988825e-03
2.097791579559857311e+01 1.566953164568734846e-01 4.350666406220479558e-03
2.041514745774173889e+01 1.599455753246504519e-01 4.915142526238510182e-03
1.989024293540642674e+01 1.633023074880155801e-01 5.530370944198914965e-03
1.939998011832850011e+01 1.667678903212160835e-01 6.199121909220321573e-03
1.894149910612684806e+01 1.703446069301660371e-01 6.922671944617685320e-03
1.851222473045494965e+01 1.740349283488033805e-01 7.702496593519623722e-03
1.810985831981978933e+01 1.778412276636229250e-01 8.539986283087589239e-03
1.773232002923685258e+01 1.817660399808314065e-01 9.436482044774581121e-03
1.737774073191397406e+01 1.858118365802669258e-01 1.039262349475613724e-02
1.704442444897933839e+01 1.899811603738639776e-01 1.140928089685134227e-02
1.673083796080879893e+01 1.942765446687087227e-01 1.248651376869927901e-02
1.643557857820382395e+01 1.987006513394780072e-01 1.362470602050268494e-02
1.615736994671152615e+01 2.032562008024016154e-01 1.482422791862000357e-02
1.589505142039104513e+01 2.079458734064322800e-01 1.608314677563350142e-02
1.564756049538188876e+01 2.127723513746181683e-01 1.740250586256041759e-02
1.541391971869148136e+01 2.177384667995853895e-01 1.878021223116351640e-02
1.519323471924973390e+01 2.228470164814264076e-01 2.021566994018960187e-02
1.498468496648241199e+01 2.281007810578965789e-01 2.170758959502029628e-02
1.478751617432986443e+01 2.335024812206359657e-01 2.325399333724131185e-02
1.460102610824093894e+01 2.390550515192824688e-01 2.485244390295927169e-02
1.442456835056784747e+01 2.447613907877708439e-01 2.650133535838462839e-02
1.425754672755167718e+01 2.506243530497364591e-01 2.819875419119555540e-02
1.409940752423490018e+01 2.566468015997646068e-01 2.994094098277783750e-02
1.394963631374939972e+01 2.628316827817900325e-01 3.172579089204619757e-02
1.380775590637179562e+01 2.691819119347705347e-01 3.355022555850318416e-02
1.367332242656922148e+01 2.757003545414947188e-01 3.540863404566882422e-02
1.354592221763951443e+01 2.823899004883922981e-01 3.730482163477705226e-02
1.342516828198450440e+01 2.892535344013185128e-01 3.922844364631758451e-02
1.331070299863004713e+01 2.962938513895083115e-01 4.117711300835540794e-02
1.320218979486404187e+01 3.035136646595852916e-01 4.314847068855905826e-02
1.309930234965324125e+01 3.109165958820043207e-01 4.513786665867641074e-02
1.300174910564285291e+01 3.185049732730086403e-01 4.714208645365953326e-02
1.290927128194556062e+01 3.262792316446600505e-01 4.915568432987094116e-02
1.282161032252386867e+01 3.342407942830646350e-01 5.117504890493985298e-02
1.273850837435746364e+01 3.423927729794091768e-01 5.319557934768856522e-02
1.265971901989236947e+01 3.507393131781272322e-01 5.521404057779727426e-02
1.258501481642878161e+01 3.592845892362144800e-01 5.722715354670011856e-02
1.251418493748226446e+01 3.680325085394387519e-01 5.922967507037639467e-02
1.244703622079319594e+01 3.769863414060575790e-01 6.121899750610439173e-02
1.238338058046411128e+01 3.861506658675358250e-01 6.319214526610951455e-02
1.232303822250600156e+01 3.955316525644835823e-01 6.514494843320439710e-02
1.226586069866260331e+01 4.051326871650764994e-01 6.707425048983639559e-02
1.221172740258419154e+01 4.149512986234187850e-01 6.897471908319591227e-02
1.216051838108576177e+01 4.249806767785878070e-01 7.084169387137369267e-02
1.211204889874603374e+01 4.352270197011862130e-01 7.267137390846221956e-02
1.206607923655761994e+01 4.457253098879606634e-01 7.446615827304810253e-02
1.202238564471171145e+01 4.565409139604315603e-01 7.623526877809633229e-02
1.198086777600073738e+01 4.677428192114105876e-01 7.798571334078858996e-02
1.194155528522426302e+01 4.793755841050389432e-01 7.972168214078045878e-02
1.190455033201139479e+01 4.914506710050443594e-01 8.143794648257078606e-02
1.186993984386687373e+01 5.039659917288727975e-01 8.312957523681610561e-02
1.183777003283426055e+01 5.169191382375252219e-01 8.478998520191212418e-02
1.180805477378005364e+01 5.303076595435416429e-01 8.641176677594020195e-02
1.178078278627767261e+01 5.441293956447116331e-01 8.798998825262342727e-02
1.175592368159474965e+01 5.583815196454386953e-01 8.951920546098840470e-02
1.173342995056794358e+01 5.730602168824127096e-01 9.099328590251162807e-02
1.171324108159933886e+01 5.881601286004238816e-01 9.240524144714779009e-02
1.169528520704750818e+01 6.036748473522094427e-01 9.375158224448719435e-02
1.167947818628383416e+01 6.195972164385871173e-01 9.502574283248550746e-02
1.166572958620439238e+01 6.359195099892359648e-01 9.622431797505004436e-02
1.165394171569520587e+01 6.526330985575923282e-01 9.734240073577442309e-02
1.164401189602087427e+01 6.697287712103922042e-01 9.837719863614775850e-02
1.163583354465061781e+01 6.871963152909417172e-01 9.932249337639517672e-02
1.162929806715739645e+01 7.050248510093660714e-01 1.001785021200875953e-01
1.162429426110129782e+01 7.232028815125082222e-01 1.009415399633702970e-01
1.162071097610214565e+01 7.417178677208858817e-01 1.016091571724823811e-01
1.161843599233361246e+01 7.605565424345961389e-01 1.021803955575110723e-01
1.161735731186601939e+01 7.797044130006608453e-01 1.026539810720109719e-01
1.161736405044308107e+01 7.991461125542823618e-01 1.030298303727648634e-01
1.161834497947767986e+01 8.188654097530720932e-01 1.033071482943675873e-01
1.162019142676465400e+01 8.388458490029961911e-01 1.034856562910955596e-01
1.162279712463404913e+01 8.590709596745125243e-01 1.035676707948075120e-01
1.162605901219177440e+01 8.795240421971447509e-01 1.035534910582381618e-01
1.162987705498434288e+01 9.001881751213268723e-01 1.034449052372209826e-01
1.163415493389122801e+01 9.210461733826373898e-01 1.032434373574646902e-01
1.163879985859833610e+01 9.420807528392250996e-01 1.029517758613850142e-01
1.164372283184768975e+01 9.632744982225368569e-01 1.025713700885789448e-01
1.164883870055209591e+01 9.846098847678000920e-01 1.021063431578772274e-01
1.165406640565050012e+01 1.006069511015621920e+00 1.015590757794679611e-01
1.165932886097961685e+01 1.027636032746875427e+00 1.009326477840223613e-01
1.166455327272908171e+01 1.049292403012606512e+00 1.002309383267026427e-01
1.166967089118939782e+01 1.071021692596202390e+00 9.945678202418331559e-02
1.167461696871232846e+01 1.092807124956512776e+00 9.861436130945504253e-02
1.167933078869791608e+01 1.114632260156892318e+00 9.770783429721516256e-02
1.168375556371312207e+01 1.136480967324056568e+00 9.673937455560965848e-02
1.168783854021872770e+01 1.158337432940734102e+00 9.571429724043614695e-02
1.169153027096283104e+01 1.180186221284437842e+00 9.463512614936597789e-02
1.169478574085573719e+01 1.202012334754897438e+00 9.350754865236193814e-02
1.169756275129058842e+01 1.223801173811022380e+00 9.233203852103369358e-02
1.169982311898258942e+01 1.245538560671161754e+00 9.111586428800262649e-02
1.170153207766659342e+01 1.267210912180005700e+00 8.986084534970539828e-02
1.170265705889784336e+01 1.288804620927255895e+00 8.857135583126249379e-02
1.170316922577329777e+01 1.310306567042482273e+00 8.724964550576107258e-02
1.170304230114523492e+01 1.331704270675863278e+00 8.590004913589686930e-02
1.170225276894239741e+01 1.352985432717678682e+00 8.452586402654120590e-02
1.170077956314910317e+01 1.374137998521024917e+00 8.312968845254106731e-02
1.169860401218751633e+01 1.395150145844863854e+00 8.171593395687599959e-02
1.169570921392456953e+01 1.416010257259795013e+00 8.028601104343825734e-02
1.169208065029295973e+01 1.436706930310946984e+00 7.884343776076987997e-02
1.168770525464077181e+01 1.457228695878303837e+00 7.739108392652888080e-02
1.168257168280556613e+01 1.477564055469867910e+00 7.593163144294515221e-02
1.167666985503474741e+01 1.497701396261142515e+00 7.446729130360123239e-02
1.166999105961656191e+01 1.517628977545599334e+00 7.300103390582485252e-02
1.166252750195958576e+01 1.537334533785138957e+00 7.153444197210055699e-02
1.165427217429365747e+01 1.556805703717625278e+00 7.007058654305070577e-02
1.164521909906479991e+01 1.576029308873770463e+00 6.861082026961841385e-02
1.163536231667791121e+01 1.594991757574113711e+00 6.715769433387765164e-02
1.162469671393323800e+01 1.613678858375511949e+00 6.571294812840107469e-02
1.161321730375579619e+01 1.632075248675312285e+00 6.427875843630993791e-02
1.160091901284633842e+01 1.650164908592003155e+00 6.285656063034865404e-02
1.158779704554598844e+01 1.667930799929690844e+00 6.144810053099738351e-02
1.157384636616520446e+01 1.685354730033461701e+00 6.005560050150136886e-02
1.155906187554738729e+01 1.702417353553978607e+00 5.867969181401065659e-02
1.154343825106881916e+01 1.719098339499893102e+00 5.732297713291865243e-02
1.152696985538505103e+01 1.735376163085660117e+00 5.598611947988594434e-02
1.150965131103086847e+01 1.751227972805152078e+00 5.467096953341211291e-02
1.149147681666548415e+01 1.766629788646744359e+00 5.337889326411680152e-02
1.147244054521747891e+01 1.781556733337034570e+00 5.211091641831111509e-02
1.145253704305568476e+01 1.795982920334787680e+00 5.086828951745459015e-02
1.143176120269341922e+01 1.809881599046107015e+00 4.965276409200495428e-02
1.141010848717479575e+01 1.823225512525425751e+00 4.846453010559254038e-02
1.138757525976756568e+01 1.835987109235758252e+00 4.730519090671296556e-02
1.136415943497324399e+01 1.848138838198704947e+00 4.617569681485858557e-02
1.133986016072950243e+01 1.859653403471232869e+00 4.507694253653744126e-02
1.131467924514262435e+01 1.870504092918245487e+00 4.400950473385369793e-02
1.128862064470037296e+01 1.880665367167295710e+00 4.297389805079284558e-02
1.126169148443555557e+01 1.890113227523424477e+00 4.197158157690036168e-02
1.123390246218888500e+01 1.898825418745900162e+00 4.100237303586053844e-02
1.120526798993320128e+01 1.906782102854584826e+00 4.006668264251171674e-02
1.117580713747845600e+01 1.913966124701117710e+00 3.916495299897320564e-02
1.114554342734821901e+01 1.920363424754586212e+00 3.829777863567569024e-02
1.111450546478901202e+01 1.925963371140053226e+00 3.746422279010920564e-02
1.108272672350596366e+01 1.930759150123883883e+00 3.666533749255972835e-02
1.105024457936268156e+01 1.934748496623256653e+00 3.590035900707348737e-02
1.101710095780132725e+01 1.937934008918739570e+00 3.516901316351392359e-02
1.098335214561760154e+01 1.940319874394657917e+00 3.447153930798654842e-02
1.094906271722047642e+01 1.941912227357214027e+00 3.380740373460959514e-02
1.091430209834113541e+01 1.942720772226631976e+00 3.317585256186637160e-02
1.087914563805731305e+01 1.942758864420424780e+00 3.257813605055034228e-02
1.084367608096854418e+01 1.942043729978564004e+00 3.201294155241646983e-02
1.080798202368380068e+01 1.940596300252358297e+00 3.148015469144639644e-02
1.077215920660719561e+01 1.938441417952695867e+00 3.097948624538852253e-02
1.073631034000765183e+01 1.935607733646431017e+00 3.051036615258274909e-02
1.070054530768910084e+01 1.932127447826186950e+00 3.007284179905536994e-02
1.066497866781810622e+01 1.928035707395512333e+00 2.966598092545209495e-02
1.062886144849006165e+01 1.923330852656762513e+00 2.927770739112998261e-02
1.059179185725448846e+01 1.918101496045886201e+00 2.889883753349008905e-02
1.055395052236210773e+01 1.912429149876827550e+00 2.852860946099746928e-02
1.051547045356404197e+01 1.906368063932728063e+00 2.816760811237562986e-02
1.047645937389294524e+01 1.899959524774256447e+00 2.781543103903890216e-02
1.043700976691799021e+01 1.893237412060754687e+00 2.747209082557372159e-02
1.039720231853343435e+01 1.886230339499725295e+00 2.713772008285584084e-02
1.035710868563918652e+01 1.878963217293108556e+00 2.681229768017312151e-02
1.031679432014427888e+01 1.871458272008272194e+00 2.649578442964668767e-02
1.027631854774178777e+01 1.863735458920213084e+00 2.618816477136779591e-02
1.023573580769137692e+01 1.855812951902034103e+00 2.588930527675818369e-02
1.019509648114433453e+01 1.847707539237677610e+00 2.559953458309275481e-02
1.015444766194041293e+01 1.839434782689469694e+00 2.531860784834807920e-02
1.011383346872482036e+01 1.831009166821403022e+00 2.504594369770714313e-02
1.007329466253404426e+01 1.822444329081477354e+00 2.478215750965579237e-02
1.003286999572591043e+01 1.813753073348560507e+00 2.452694989985220592e-02
9.992595937419356034e+00 1.804947540244792981e+00 2.428017228355967144e-02
9.952506945620159584e+00 1.796039249961585149e+00 2.404156285914877539e-02
9.912635454091093479e+00 1.787039136247138282e+00 2.381113651658274197e-02
9.873012622469262922e+00 1.777957677417761895e+00 2.358898823645503434e-02
9.833667573896679670e+00 1.768804827164487614e+00 2.337472169615557177e-02
9.794627869843115064e+00 1.759590037821237241e+00 2.316853028262136349e-02
9.755920827850657062e+00 1.750322650693242332e+00 2.296986743302231390e-02
9.717570847094069819e+00 1.741011249741858169e+00 2.277912628115256674e-02
9.679602422961393060e+00 1.731664392950942544e+00 2.259595651072056691e-02
9.642038438062066064e+00 1.722290155628614094e+00 2.242016808745232737e-02
9.604900849731762946e+00 1.712896343884211081e+00 2.225166138028358831e-02
9.568210621694134943e+00 1.703490533316773359e+00 2.209043333539092296e-02
9.531987847345256171e+00 1.694079940138934814e+00 2.193631075616666454e-02
9.496251151272057101e+00 1.684671477790917526e+00 2.178957457417008206e-02
9.461019074025200482e+00 1.675271991477620404e+00 2.164889147042751288e-02
9.426309015653467682e+00 1.665887929630848641e+00 2.151579179394723373e-02
9.392137514661953901e+00 1.656525569239309714e+00 2.138916128524656277e-02
9.358520262590927175e+00 1.647191001779816366e+00 2.126938397669656672e-02
9.325472892473348097e+00 1.637890122745408128e+00 2.115577471740891918e-02
9.293009709604525881e+00 1.628628573094016208e+00 2.104876497385303052e-02
9.261144458855213202e+00 1.619411845821896678e+00 2.094822605881044991e-02
9.229890349174908692e+00 1.610245228369160175e+00 2.085358572978584027e-02
9.199260195018236885e+00 1.601133890479230049e+00 2.076546821515515284e-02
9.169265659322920925e+00 1.592082732497155151e+00 2.068320375805686798e-02
9.139918366392068449e+00 1.583096595026946884e+00 2.060691308896646368e-02
9.111229125935315309e+00 1.574180124925090629e+00 2.053674815409576790e-02
9.083208294684347095e+00 1.565337809952327186e+00 2.047200057232555909e-02
9.055865374823099501e+00 1.556573969826115844e+00 2.041354324959021929e-02
9.029209782727081191e+00 1.547892865288012176e+00 2.036050618545414553e-02
9.003250144374067787e+00 1.539298524842164007e+00 2.031296385726100162e-02
8.977994760723490231e+00 1.530794936574098930e+00 2.027097741520030375e-02
