# radius mass k_2
2.517688979741728517e+01 1.354585672771189409e-01 1.787683364481136008e-03
2.436153267820159130e+01 1.377742284258067496e-01 2.052446200913719560e-03
2.360830129002903988e+01 1.401547997638397103e-01 2.346999762807963717e-03
2.291122175681721629e+01 1.425998567261667904e-01 2.673236238053979582e-03
2.226500955889509115e+01 1.451090115877733400e-01 3.032075313229905950e-03
2.166496845567342788e+01 1.476819493425172158e-01 3.425605778666106389e-03
2.110691986295007538e+01 1.503184519224318449e-01 3.854979123877269251e-03
2.058712993176128236e+01 1.530184296445145919e-01 4.321219252336729912e-03
2.010223619846582821e+01 1.557819858552457470e-01 4.825960121134864091e-03
1.964921535885215320e+01 1.586094580477339921e-01 5.369960911965823182e-03
1.922533474617996418e+01 1.615014816938941389e-01 5.954991061597169830e-03
1.882810718328271449e+01 1.644590969896215504e-01 6.581463163292388362e-03
1.845527869087155892e+01 1.674837679784567934e-01 7.250907716832927230e-03
1.810478517691500144e+01 1.705775373208091583e-01 7.964160721892503750e-03
1.777473160785919859e+01 1.737431339158452825e-01 8.722814319394587776e-03
1.746337942149493472e+01 1.769840833313478801e-01 9.528299896685280337e-03
1.716911894672984573e+01 1.803048779585205430e-01 1.038152336098374651e-02
1.689046535576123986e+01 1.837111107997203285e-01 1.128515685108657553e-02
1.662602909125644501e+01 1.872097594085823657e-01 1.224101117745052085e-02
1.637452997083994433e+01 1.908092412317990427e-01 1.325253384073928065e-02
1.613476272253155841e+01 1.945198345369665016e-01 1.432227030141842126e-02
1.590560676260892237e+01 1.983538291515597463e-01 1.545380838002782461e-02
1.568609792618215160e+01 2.023243093482034460e-01 1.665229639740086615e-02
1.547579096346945526e+01 2.064374249059018895e-01 1.791944928419362051e-02
1.527441163311446282e+01 2.106965372119168900e-01 1.925652946431853987e-02
1.508168834149873128e+01 2.151049449480305076e-01 2.066412088537910099e-02
1.489734859370976849e+01 2.196659893502515282e-01 2.214259643028377439e-02
1.472112129407676129e+01 2.243829966599196757e-01 2.369233335325696480e-02
1.455273816838728074e+01 2.292592833836659960e-01 2.531291146746212500e-02
1.439193321243155843e+01 2.342981685444542883e-01 2.700368321450057757e-02
1.423844629610910673e+01 2.395029356928717879e-01 2.876401035662562444e-02
1.409202045037900852e+01 2.448768552154573230e-01 3.059265596013796204e-02
1.395240206941728367e+01 2.504232091984346376e-01 3.248801461617827763e-02
1.381934789946080500e+01 2.561451521297545830e-01 3.444778428729589059e-02
1.369261508381988257e+01 2.620458930868926894e-01 3.646942011973935971e-02
1.357197049378041420e+01 2.681285235371129727e-01 3.855128848388941765e-02
1.345718574955507663e+01 2.743960935713024019e-01 4.068904807353762587e-02
1.334803898361455055e+01 2.808515771304729847e-01 4.287991810318737829e-02
1.324431441396069964e+01 2.874978682813346675e-01 4.512011886798522609e-02
1.314580306479046001e+01 2.943377565176080179e-01 4.740585118541531390e-02
1.305230216181180936e+01 3.013739159503783793e-01 4.973245438797405105e-02
1.296361558397543767e+01 3.086088819604766442e-01 5.209489950714468048e-02
1.287955297914126263e+01 3.160450575365119086e-01 5.448889428151602876e-02
1.279993092046709968e+01 3.236846515081799325e-01 5.690951989767847885e-02
1.272457114531250255e+01 3.315297044394126535e-01 5.935110002631267118e-02
1.265330099016259346e+01 3.395820654199151467e-01 6.180883497427089313e-02
1.258595479729863520e+01 3.478432944575969299e-01 6.427647647289243260e-02
1.252237081664591578e+01 3.563147479892291303e-01 6.674879476729159156e-02
1.246239340215130476e+01 3.649974633755823650e-01 6.921948768545929664e-02
1.240587204072727801e+01 3.738921589995828354e-01 7.168434540632474816e-02
1.235266040677207222e+01 3.829992170195476442e-01 7.413590807360422030e-02
1.230261723571940102e+01 3.923186430715188133e-01 7.656954711838991068e-02
1.225560521550234228e+01 4.018500263710736986e-01 7.897879914374901500e-02
1.221149133850404134e+01 4.115925054243731451e-01 8.135839733154082154e-02
1.217014643637833515e+01 4.215447339058469578e-01 8.370289221152817094e-02
1.213144480878382048e+01 4.317048591406829616e-01 8.600680719793707407e-02
1.209526427060231590e+01 4.420704522897865862e-01 8.826487161511120672e-02
1.206148561564020305e+01 4.526385037591305616e-01 9.047216015987281923e-02
1.202999295146360303e+01 4.634053376561488857e-01 9.262389057976151696e-02
1.200067221304432330e+01 4.743666788189076500e-01 9.471552494115255405e-02
1.197341379178624798e+01 4.855173772865485904e-01 9.674152809528425989e-02
1.194810754629611260e+01 4.968517862674222685e-01 9.869935902548367113e-02
1.192464786880021776e+01 5.083632684079223418e-01 1.005843624924921409e-01
1.190292992139038120e+01 5.200444929303750241e-01 1.023928123651175193e-01
1.188285098688253605e+01 5.318873536831409954e-01 1.041220761535627121e-01
1.186430894209696518e+01 5.438837550193157400e-01 1.057686558320537623e-01
1.184720332362203621e+01 5.560256386170469023e-01 1.073312142787467699e-01
1.183143630978313432e+01 5.683048248856190643e-01 1.088080370925118140e-01
1.181691292298955176e+01 5.807130897799868130e-01 1.101943873670323537e-01
1.180354151295865606e+01 5.932421742428042322e-01 1.114926185076997728e-01
1.179123371459186842e+01 6.058838917840725369e-01 1.127013043280495480e-01
1.177990475434153517e+01 6.186301695710706428e-01 1.138197772663798596e-01
1.176947358545619871e+01 6.314730999087321273e-01 1.148483313258086280e-01
1.175986284060640230e+01 6.444050463199865186e-01 1.157871758717014948e-01
1.175099873335376266e+01 6.574187472545272026e-01 1.166366664976306450e-01
1.174281127637300060e+01 6.705073748922539822e-01 1.173982174999206318e-01
1.173523415900750777e+01 6.836646527855315680e-01 1.180731950479066983e-01
1.172820463478848474e+01 6.968849695820970025e-01 1.186625902190615450e-01
1.172166350582392269e+01 7.101635145818997463e-01 1.191683319877080566e-01
1.171555484821668003e+01 7.234963855540820221e-01 1.195918518302942352e-01
1.170982627984394853e+01 7.368808045905743676e-01 1.199358744578491731e-01
1.170442816700890631e+01 7.503151822894011946e-01 1.202018484854483760e-01
1.169931399594830168e+01 7.637993887705367690e-01 1.203918396563589260e-01
1.169443991853091092e+01 7.773349097491087933e-01 1.205077628351058777e-01
1.168976451087211288e+01 7.909250492740375060e-01 1.205511028054046391e-01
1.168524857706701070e+01 8.045752327507404988e-01 1.205253625883597468e-01
1.168085486550971197e+01 8.182931590567491531e-01 1.204309504086219507e-01
1.167654760449520879e+01 8.320891661767446656e-01 1.202697796042734163e-01
1.167229253268475553e+01 8.459765226046516151e-01 1.200430226177074261e-01
1.166805568361776224e+01 8.599717202640753122e-01 1.197517889864268825e-01
1.166380434625767393e+01 8.740932788862968428e-01 1.193967459313407670e-01
1.165951105490765727e+01 8.883450259346734601e-01 1.189789082134165565e-01
1.165515243225653386e+01 9.027200702217313966e-01 1.184989971444642548e-01
1.165070586843641998e+01 9.172110360051913824e-01 1.179595397788297251e-01
1.164614957798728589e+01 9.318102830594982011e-01 1.173609114020603972e-01
1.164146267095835086e+01 9.465098890341150373e-01 1.167054390913650624e-01
1.163662514043243590e+01 9.613016697796986643e-01 1.159947647578994379e-01
1.163161773614487338e+01 9.761772501816848857e-01 1.152308810284770751e-01
1.162642227335660294e+01 9.911280049951745053e-01 1.144158103643195395e-01
1.162102135074025888e+01 1.006145186894794596e+00 1.135518589633036785e-01
1.161539860141600755e+01 1.021219878276202753e+00 1.126409187754181807e-01
1.160953852136329090e+01 1.036343067130830686e+00 1.116854784063447958e-01
1.160342657910072894e+01 1.051505679849099595e+00 1.106876713557154307e-01
1.159704914440556500e+01 1.066698613691055231e+00 1.096505219337243070e-01
1.159039353216126145e+01 1.081912809236637907e+00 1.085756213895489874e-01
1.158344784176189890e+01 1.097139288885495612e+00 1.074660228683041036e-01
1.157620108474248610e+01 1.112369180211900010e+00 1.063235050039610385e-01
1.156864297746405157e+01 1.127593859287613354e+00 1.051512267916842325e-01
1.156076402546368165e+01 1.142804950465876823e+00 1.039508842126906502e-01
1.155255535214127605e+01 1.157994336185304229e+00 1.027249695250840311e-01
1.154400917828087358e+01 1.173153485712833177e+00 1.014758209970028913e-01
1.153511869439956250e+01 1.188273755446154212e+00 1.002060555456935342e-01
1.152587797647783852e+01 1.203347046394379394e+00 9.891739834941359888e-02
1.151628159444024391e+01 1.218365861080114687e+00 9.761196976790594004e-02
1.150632483570292486e+01 1.233323455566012861e+00 9.629241773004525162e-02
1.149600353590435908e+01 1.248213909875471428e+00 9.496009711490420446e-02
1.148531368984226120e+01 1.263032199159207281e+00 9.361695172612848059e-02
1.147425150025392959e+01 1.277774314080301954e+00 9.226477500844273982e-02
1.146281305456873945e+01 1.292437370650837192e+00 9.090512739267676834e-02
1.145099410865766210e+01 1.307019713893216029e+00 8.953920741203448552e-02
1.143878972321452281e+01 1.321521057046444181e+00 8.816832553406432627e-02
1.142619400661190276e+01 1.335942601994990264e+00 8.679324270168868594e-02
1.141319968872668689e+01 1.350287150667805580e+00 8.541474709221325012e-02
1.139979769356071415e+01 1.364559307639958696e+00 8.403355989193832254e-02
1.138597657205058944e+01 1.378765556341680965e+00 8.264976813174014503e-02
1.137172659571910316e+01 1.392910343902777681e+00 8.126376453825269464e-02
1.135704833780578937e+01 1.406987586277782754e+00 7.987711014386406072e-02
1.134194509726030908e+01 1.420989394785405979e+00 7.849118175716722490e-02
1.132642088764346333e+01 1.434908130456716613e+00 7.710760998269325373e-02
1.131048005905846665e+01 1.448736505064089686e+00 7.572767718189733765e-02
1.129412732851123558e+01 1.462467524717098177e+00 7.435273665879188476e-02
1.127736740110602476e+01 1.476094646826169754e+00 7.298413643070926493e-02
1.126020491005237645e+01 1.489611763182112414e+00 7.162303504587085035e-02
1.124264404800904060e+01 1.503013424408790044e+00 7.027087939648407611e-02
1.122468889169075013e+01 1.516294345076029337e+00 6.892716238784302174e-02
1.120634235023539382e+01 1.529450555766408870e+00 6.759429949773912427e-02
1.118760610350819107e+01 1.542478357810338707e+00 6.627218181044698675e-02
1.116848101204974419e+01 1.555375021951272085e+00 6.496219816595590058e-02
1.114896611409342420e+01 1.568138511122759704e+00 6.366302526048346622e-02
1.112906408667093672e+01 1.580764152216412866e+00 6.237705906318760651e-02
1.110878267782436701e+01 1.593244385427277088e+00 6.110471509608072366e-02
1.108812929223661392e+01 1.605572004163609234e+00 5.984645875152410505e-02
1.106711131586285646e+01 1.617740384329611425e+00 5.860353234505782938e-02
1.104573546249009475e+01 1.629743476663638058e+00 5.737604410332011740e-02
1.102400767357609546e+01 1.641575929521584820e+00 5.616548661737848225e-02
1.100193299566496918e+01 1.653233118103404564e+00 5.497081006568211442e-02
1.097951513527813994e+01 1.664711193303472614e+00 5.379364669614361549e-02
1.095675613109348845e+01 1.676007090088386331e+00 5.263336909748912718e-02
1.093365617378000287e+01 1.687118708827002767e+00 5.149086092100718659e-02
1.091021316977772138e+01 1.698044822031605561e+00 5.036539142265849395e-02
1.088642231160424423e+01 1.708785043835690853e+00 4.925702898814600383e-02
1.086228446479300835e+01 1.719336231471726206e+00 4.816600220250438075e-02
1.083780904972453740e+01 1.729691516605497581e+00 4.709273423753518317e-02
1.081300595551331334e+01 1.739844287119959976e+00 4.603750893182005643e-02
1.078788446056617367e+01 1.749788497858270508e+00 4.500099166320774974e-02
1.076245311406383287e+01 1.759518698895241817e+00 4.398305953381958372e-02
1.073671960592305297e+01 1.769030053757169041e+00 4.298404425230763909e-02
1.071069034805156406e+01 1.778318381237399937e+00 4.200405259131750890e-02
1.068437023827486598e+01 1.787380174039255420e+00 4.104332782990705031e-02
1.065776213564455865e+01 1.796212633185863883e+00 4.010139579979577623e-02
1.063086682532904703e+01 1.804813641137077207e+00 3.917845619569850640e-02
1.060368361997935871e+01 1.813181406927910633e+00 3.827404312635647454e-02
1.057621965613076753e+01 1.821311684501843775e+00 3.738833025270545118e-02
1.054848557793350849e+01 1.829199453289393373e+00 3.652136448925864809e-02
1.052049220069644697e+01 1.836840471624911819e+00 3.567335889338933697e-02
1.049224780289285874e+01 1.844230997542020134e+00 3.484442444894836344e-02
1.046376027991083291e+01 1.851368135260325731e+00 3.403399205831084823e-02
1.043503570602780606e+01 1.858249618455077190e+00 3.324220334789142195e-02
1.040607809822615692e+01 1.864873918102184724e+00 3.246874722430111854e-02
1.037688910335183046e+01 1.871240158486825012e+00 3.171360311084251565e-02
1.034746777160469478e+01 1.877348052126057709e+00 3.097602605385631896e-02
1.031781862045687959e+01 1.883196144960610940e+00 3.025625746779304556e-02
1.028795375503324649e+01 1.888781872861926781e+00 2.955379741921798642e-02
1.025788452475903689e+01 1.894103146974987384e+00 2.886881451422394773e-02
1.022762113954246033e+01 1.899158475464391094e+00 2.820110279262900282e-02
1.019717200196019036e+01 1.903946928665777083e+00 2.755036268311005995e-02
1.016654363086736090e+01 1.908468124881985029e+00 2.691662701600388077e-02
1.013574010232388289e+01 1.912721837048401596e+00 2.629631891196595669e-02
1.010476192944145879e+01 1.916709596083241873e+00 2.569773317685921515e-02
1.007361420694675935e+01 1.920430505118407183e+00 2.511241064297064021e-02
1.004230966837388905e+01 1.923884206462129987e+00 2.454259041967278565e-02
1.001086110817958463e+01 1.927070495236071102e+00 2.398846479880816993e-02
9.979279629789457928e+00 1.929989741736546360e+00 2.344898262444330972e-02
9.947574528168068753e+00 1.932642840177000609e+00 2.292545850411455838e-02
9.915752799408549478e+00 1.935031165271680065e+00 2.241631614536063535e-02
9.883818563379442423e+00 1.937156461678014807e+00 2.192162471782504313e-02
9.851775878908046735e+00 1.939020636968029399e+00 2.144088630443949026e-02
9.819633396618078436e+00 1.940625504051540107e+00 2.097389408762643029e-02
9.787398117826311861e+00 1.941973218339892782e+00 2.052047613151817412e-02
9.755073934588972762e+00 1.943066331989084849e+00 2.008021560895080840e-02
9.722660933550123730e+00 1.943907550199628131e+00 1.965268481065135520e-02
9.690154885196278656e+00 1.944499748657009031e+00 1.923737678854857761e-02
9.657550890202534433e+00 1.944845625670512668e+00 1.883407870314857471e-02
9.624873715573638577e+00 1.944947743429614517e+00 1.844229618672200283e-02
9.592165298432094644e+00 1.944809317289224904e+00 1.806278851354703799e-02
9.559471560353449249e+00 1.944434444347743707e+00 1.769531752735154992e-02
9.526842359205357269e+00 1.943828198029267096e+00 1.733997587117185740e-02
9.494331164788512467e+00 1.942996689202336036e+00 1.699694873834473388e-02
9.461956766173798883e+00 1.941945803821106153e+00 1.666604050781967869e-02
9.429614906913602823e+00 1.940676637232598534e+00 1.634561065367784796e-02
