# radius mass k_2
nan nan nan
9.667602035058965981e+00 2.156966171751207246e-300 nan
9.667602035058942889e+00 7.173029723916198171e-299 nan
9.667602035058946441e+00 2.385403911013467923e-297 0.000000000000000000e+00
9.667602035058946441e+00 7.932703526525681406e-296 0.000000000000000000e+00
9.667602035058944665e+00 2.638034797763414125e-294 0.000000000000000000e+00
9.667602035058941112e+00 8.772832075396526127e-293 0.000000000000000000e+00
9.667602035058941112e+00 2.917421054807797188e-291 0.000000000000000000e+00
9.667602035058942889e+00 9.701936088466661135e-290 0.000000000000000000e+00
9.667602035058942889e+00 3.226396262191404709e-288 0.000000000000000000e+00
9.667602035058944665e+00 1.072943868704445106e-286 0.000000000000000000e+00
9.667602035058942889e+00 3.568094095820689821e-285 0.000000000000000000e+00
9.667602035058942889e+00 1.186576096660571487e-283 0.000000000000000000e+00
9.667602035058942889e+00 3.945980109704471900e-282 0.000000000000000000e+00
9.667602035058944665e+00 1.312242768921661719e-280 0.000000000000000000e+00
9.667602035058942889e+00 4.363886884154563723e-279 0.000000000000000000e+00
9.667602035058944665e+00 1.451218416950798122e-277 0.000000000000000000e+00
9.667602035058941112e+00 4.826052896430463417e-276 0.000000000000000000e+00
9.667602035058942889e+00 1.604912553968611054e-274 0.000000000000000000e+00
9.667602035058944665e+00 5.337165508051458385e-273 0.000000000000000000e+00
9.667602035058941112e+00 1.774883970462578775e-271 0.000000000000000000e+00
9.667602035058946441e+00 5.902408504763663848e-270 0.000000000000000000e+00
9.667602035058944665e+00 1.962856543688691392e-268 0.000000000000000000e+00
9.667602035058941112e+00 6.527514671327011789e-267 0.000000000000000000e+00
9.667602035058942889e+00 2.170736721509112875e-265 0.000000000000000000e+00
9.667602035058944665e+00 7.218823934332397950e-264 0.000000000000000000e+00
9.667602035058942889e+00 2.400632857892373486e-262 0.000000000000000000e+00
9.667602035058944665e+00 7.983347662746718555e-261 0.000000000000000000e+00
9.667602035058941112e+00 2.654876596175491019e-259 0.000000000000000000e+00
9.667602035058948218e+00 8.828839778342319955e-258 0.000000000000000000e+00
9.667602035058942889e+00 2.936046516962001781e-256 0.000000000000000000e+00
9.667602035058942889e+00 9.763875397207256796e-255 0.000000000000000000e+00
9.667602035058946441e+00 3.246994290500303740e-253 0.000000000000000000e+00
9.667602035058946441e+00 1.079793779994145989e-251 0.000000000000000000e+00
9.667602035058942889e+00 3.590873598777762588e-250 0.000000000000000000e+00
9.667602035058941112e+00 1.194151461260416442e-248 0.000000000000000000e+00
9.667602035058941112e+00 3.971172120666829331e-247 0.000000000000000000e+00
9.667602035058941112e+00 1.320620417389525158e-245 0.000000000000000000e+00
9.667602035058944665e+00 4.391746904521560886e-244 0.000000000000000000e+00
9.667602035058942889e+00 1.460483316735440730e-242 0.000000000000000000e+00
9.667602035058942889e+00 4.856863486979069857e-241 0.000000000000000000e+00
9.667602035058944665e+00 1.615158671163619514e-239 0.000000000000000000e+00
9.667602035058942889e+00 5.371239154711788639e-238 0.000000000000000000e+00
9.667602035058946441e+00 1.786215222825282187e-236 0.000000000000000000e+00
9.667602035058944665e+00 5.940090787903063327e-235 0.000000000000000000e+00
9.667602035058941112e+00 1.975387854590269414e-233 0.000000000000000000e+00
9.667602035058944665e+00 6.569187770680533960e-232 0.000000000000000000e+00
9.667602035058942889e+00 2.184595185506476538e-230 0.000000000000000000e+00
9.667602035058942889e+00 7.264910505129287044e-229 0.000000000000000000e+00
9.667602035058942889e+00 2.415959029741165401e-227 0.000000000000000000e+00
9.667602035058944665e+00 8.034315122349884185e-226 0.000000000000000000e+00
9.667602035058941112e+00 2.671825916358345661e-224 0.000000000000000000e+00
9.667602035058941112e+00 8.885205046868686100e-223 0.000000000000000000e+00
9.667602035058942889e+00 2.954790888191698670e-221 0.000000000000000000e+00
9.667602035058942889e+00 9.826210140212977504e-220 0.000000000000000000e+00
9.667602035058946441e+00 3.267723821184120639e-218 0.000000000000000000e+00
9.667602035058946441e+00 1.086687422634614381e-216 0.000000000000000000e+00
9.667602035058942889e+00 3.613798531126842477e-215 0.000000000000000000e+00
9.667602035058944665e+00 1.201775188665711249e-213 0.000000000000000000e+00
9.667602035058944665e+00 3.996524963006609246e-212 0.000000000000000000e+00
9.667602035058946441e+00 1.329051550620663594e-210 0.000000000000000000e+00
9.667602035058942889e+00 4.419784789429204144e-209 0.000000000000000000e+00
9.667602035058942889e+00 1.469807365692264265e-207 0.000000000000000000e+00
9.667602035058942889e+00 4.887870779161566521e-206 0.000000000000000000e+00
9.667602035058939336e+00 1.625470201840182818e-204 0.000000000000000000e+00
9.667602035058942889e+00 5.405530335078908430e-203 0.000000000000000000e+00
9.667602035058942889e+00 1.797618816412675962e-201 0.000000000000000000e+00
9.667602035058942889e+00 5.978013643084158175e-200 0.000000000000000000e+00
9.667602035058944665e+00 1.987999168156032321e-198 0.000000000000000000e+00
9.667602035058942889e+00 6.611126920329939807e-197 0.000000000000000000e+00
9.667602035058944665e+00 2.198542125007468651e-195 0.000000000000000000e+00
9.667602035058942889e+00 7.311291302801250561e-194 0.000000000000000000e+00
9.667602035058942889e+00 2.431383047265428650e-192 0.000000000000000000e+00
9.667602035058942889e+00 8.085607969503767192e-191 0.000000000000000000e+00
9.667602035058946441e+00 2.688883444755128380e-189 0.000000000000000000e+00
9.667602035058942889e+00 8.941930163752912209e-188 0.000000000000000000e+00
9.667602035058942889e+00 2.973654927638958688e-186 0.000000000000000000e+00
9.667602035058942889e+00 9.888942842023079217e-185 0.000000000000000000e+00
9.667602035058944665e+00 3.288585693782927824e-183 0.000000000000000000e+00
9.667602035058942889e+00 1.093625075816550132e-181 0.000000000000000000e+00
9.667602035058946441e+00 3.636869821321140123e-180 0.000000000000000000e+00
9.667602035058944665e+00 1.209447587635237871e-178 0.000000000000000000e+00
9.667602035058942889e+00 4.022039663507212318e-177 0.000000000000000000e+00
9.667602035058944665e+00 1.337536510073559372e-175 0.000000000000000000e+00
9.667602035058941112e+00 4.448001674403834885e-174 0.000000000000000000e+00
9.667602035058942889e+00 1.479190941442784857e-172 0.000000000000000000e+00
9.667602035058944665e+00 4.919076028764422902e-171 0.000000000000000000e+00
9.667602035058944665e+00 1.635847563612345644e-169 0.000000000000000000e+00
9.667602035058942889e+00 5.440040437936548427e-168 0.000000000000000000e+00
9.667602035058944665e+00 1.809095213067043699e-166 0.000000000000000000e+00
9.667602035058941112e+00 6.016178606171754700e-165 0.000000000000000000e+00
9.667602035058941112e+00 2.000690995140839139e-163 0.000000000000000000e+00
9.667602035058941112e+00 6.653333818798812354e-162 0.000000000000000000e+00
9.667602035058946441e+00 2.212578104859154518e-160 0.000000000000000000e+00
9.667602035058942889e+00 7.357968205758281936e-159 0.000000000000000000e+00
9.667602035058941112e+00 2.446905535133465687e-157 0.000000000000000000e+00
9.667602035058941112e+00 8.137228281554056710e-156 0.000000000000000000e+00
9.667602035058941112e+00 2.706049872191211403e-154 0.000000000000000000e+00
9.667602035058944665e+00 8.999017426346035886e-153 0.000000000000000000e+00
9.667602035058942889e+00 2.992639399291798847e-151 0.000000000000000000e+00
9.667602035058942889e+00 9.952076043296006236e-150 0.000000000000000000e+00
9.667602035058942889e+00 3.309580753196603056e-148 0.000000000000000000e+00
9.667602035058946441e+00 1.100607020512857653e-146 0.000000000000000000e+00
9.667602035058942889e+00 3.660088403742021739e-145 0.000000000000000000e+00
9.667602035058944665e+00 1.217168968898963827e-143 0.000000000000000000e+00
9.667602035058944665e+00 4.047717255506452728e-142 0.000000000000000000e+00
9.667602035058944665e+00 1.346075639386909219e-140 0.000000000000000000e+00
9.667602035058942889e+00 4.476398702221233883e-139 0.000000000000000000e+00
9.667602035058944665e+00 1.488634424019041264e-137 0.000000000000000000e+00
9.667602035058944665e+00 4.950480499592291598e-136 0.000000000000000000e+00
9.667602035058941112e+00 1.646291176760298422e-134 0.000000000000000000e+00
9.667602035058941112e+00 5.474770860933639614e-133 0.000000000000000000e+00
9.667602035058942889e+00 1.820644877579522566e-131 0.000000000000000000e+00
9.667602035058944665e+00 6.054587222835951177e-130 0.000000000000000000e+00
9.667602035058942889e+00 2.013463849559930593e-128 0.000000000000000000e+00
9.667602035058944665e+00 6.695810175455787867e-127 0.000000000000000000e+00
9.667602035058941112e+00 2.226703693514709492e-125 0.000000000000000000e+00
9.667602035058941112e+00 7.404943104401157800e-124 0.000000000000000000e+00
9.667602035058942889e+00 2.462527122002079574e-122 0.000000000000000000e+00
9.667602035058942889e+00 8.189178149108627103e-121 0.000000000000000000e+00
9.667602035058944665e+00 2.723325893901831379e-119 0.000000000000000000e+00
9.667602035058942889e+00 9.056469146667629057e-118 0.000000000000000000e+00
9.667602035058946441e+00 3.011745072016483788e-116 0.000000000000000000e+00
9.667602035058944665e+00 1.001561230090774390e-114 0.000000000000000000e+00
9.667602035058942889e+00 3.330709849719709151e-113 0.000000000000000000e+00
9.667602035058944665e+00 1.107633539490513729e-111 0.000000000000000000e+00
9.667602035058942889e+00 3.683455218735210976e-110 0.000000000000000000e+00
9.667602035058941112e+00 1.224939645170860611e-108 0.000000000000000000e+00
9.667602035058942889e+00 4.073558778940267100e-107 0.000000000000000000e+00
9.667602035058942889e+00 1.354669284392924891e-105 0.000000000000000000e+00
9.667602035058941112e+00 4.504977022953782632e-104 0.000000000000000000e+00
9.667602035058942889e+00 1.498138195879672888e-102 0.000000000000000000e+00
9.667602035058942889e+00 4.982085463516965862e-101 0.000000000000000000e+00
9.667602035058944665e+00 1.656801464247711329e-99 0.000000000000000000e+00
9.667602035058942889e+00 5.509723010643486434e-98 0.000000000000000000e+00
9.667602035058942889e+00 1.832268277708111537e-96 0.000000000000000000e+00
9.667602035058944665e+00 6.093241048615940950e-95 0.000000000000000000e+00
9.667602035058942889e+00 2.026318248710653188e-93 0.000000000000000000e+00
9.667602035058942889e+00 6.738557710580745917e-92 0.000000000000000000e+00
9.667602035058944665e+00 2.240919463056873692e-90 0.000000000000000000e+00
9.667602035058944665e+00 7.452217901201291180e-89 0.000000000000000000e+00
9.667602035058942889e+00 2.478248440540919012e-87 0.000000000000000000e+00
9.667602035058941112e+00 8.241459676123880803e-86 0.000000000000000000e+00
9.667602035058942889e+00 2.740712209561467110e-84 0.000000000000000000e+00
9.667602035058942889e+00 9.114287651495367975e-83 0.000000000000000000e+00
9.667602035058941112e+00 3.030972719587298742e-81 0.000000000000000000e+00
9.667602035058942889e+00 1.007955418806051176e-79 0.000000000000000000e+00
9.667602035058942889e+00 3.351973839074399629e-78 0.000000000000000000e+00
9.667602035058942889e+00 1.114704917321533612e-76 0.000000000000000000e+00
9.667602035058942889e+00 3.706971212650762584e-75 0.000000000000000000e+00
9.667602035058944665e+00 1.232759931161021496e-73 0.000000000000000000e+00
9.667602035058944665e+00 4.099565280382980456e-72 0.000000000000000000e+00
9.667602035058941112e+00 1.363317793132038937e-70 0.000000000000000000e+00
9.667602035058941112e+00 4.533737794015028465e-69 0.000000000000000000e+00
9.667602035058944665e+00 1.507702641924725402e-67 0.000000000000000000e+00
9.667602035058942889e+00 5.013892200531412986e-66 0.000000000000000000e+00
9.667602035058939336e+00 1.667378851738119140e-64 0.000000000000000000e+00
9.667602035058944665e+00 5.544898302618160346e-63 1.373231599542532983e-253
9.667602035058944665e+00 1.843965884197553011e-61 1.677977533087113837e-247
9.667602035058942889e+00 6.132141648980219521e-60 2.052217220917886011e-241
9.667602035058948218e+00 2.039254713192367572e-58 2.509923665879880537e-235
9.667602035058946441e+00 6.781578155437959193e-57 3.069712477199825516e-229
9.667602035058944665e+00 2.255225989220110423e-55 3.754351106678160671e-223
9.667602035058949994e+00 7.499794510773962606e-54 4.591684835927358451e-217
9.667602035058944665e+00 2.494070127459375429e-52 5.615769286050099921e-211
9.667602035058942889e+00 8.294074979986203036e-51 6.868255509442276197e-205
9.667602035058941112e+00 2.758209523310751266e-49 8.400084002767768923e-199
9.667602035058944665e+00 9.172475282463975284e-48 1.027355653145794393e-192
9.667602035058939336e+00 3.050323120718480528e-46 1.256487003909348429e-186
9.667602035058944665e+00 1.014390429438182959e-44 1.536721568775999033e-180
9.667602035058942889e+00 3.373373582446827083e-43 1.879456908631681525e-174
9.667602035058942889e+00 1.121821440394770920e-41 2.298632584415088844e-168
9.667602035058946441e+00 3.730637337879468768e-40 2.811297100702776723e-162
9.667602035058944665e+00 1.240630143589034511e-38 3.438301293564526378e-156
9.667602035058946441e+00 4.125737813090732672e-37 4.205146365488074755e-150
9.667602035058941112e+00 1.372021515866296096e-35 5.143021057597881495e-144
9.667602035058942889e+00 4.562682180208859836e-34 6.290070142621290091e-138
9.667602035058939336e+00 1.517328149511628694e-32 7.692945829035483768e-132
9.667602035058942889e+00 5.045901998799082223e-31 9.408705181133540596e-126
9.667602035058944665e+00 1.678023767613017615e-29 1.150713070737767251e-119
9.667602035058941112e+00 5.580298161447313473e-28 1.407356852792450069e-113
9.667602035058942889e+00 1.855738170797444290e-26 1.721239952045527769e-107
9.667602035058946441e+00 6.171290599393206928e-25 2.105128466494118755e-101
9.667602035058942889e+00 2.052273766928725747e-23 2.574635718030955150e-95
9.667602035058942889e+00 6.824873252342712210e-22 3.148857272162976092e-89
9.667602035058941112e+00 2.269623851415078429e-20 3.851147581905080179e-83
9.667602035058944665e+00 7.547674859960240153e-19 4.710069849701044710e-77
9.667602035058941112e+00 2.509992823531086190e-17 5.760557734739584114e-71
9.667602035058944665e+00 8.347026191601973728e-16 5.453771292809230116e-64
9.667602035058905585e+00 2.775818543786596555e-14 1.745894282155886951e-56
9.667602035057672794e+00 9.231034396152483898e-13 -3.778985256554297165e-48
9.667602035016773954e+00 3.069797059065607031e-11 -5.455526698687436451e-41
9.667602033656516269e+00 1.020866522263535305e-09 -6.886270564637650471e-34
9.667601988421022696e+00 3.394909908920219467e-08 1.330846768449958141e-26
9.667600484126232629e+00 1.128982981110083475e-06 -8.413314256759484588e-20
9.667550480423448889e+00 3.754408582808561732e-05 1.628817867707793176e-09
9.665911804532411722e+00 1.248047891061072759e-03 2.054129338493591200e-04
9.638164952002352237e+00 4.117203785360938617e-02 7.668140500083588627e-03
1.232447634324085683e+01 1.013321415649080848e+00 7.767670520700539760e-02
9.817709164402989686e+00 1.689747327199094373e+00 1.933244437101609356e-02
