# radius (km) mass(m_sun)  k_2
2.771618941372581446e+01 1.854340303007978863e-01 3.506384332560784876e-03
2.673997505669193586e+01 1.901600463321835577e-01 4.115636389481527532e-03
2.587633243484072665e+01 1.949177818581905586e-01 4.780446674093307910e-03
2.510743440723371123e+01 1.997005189116869417e-01 5.498864988117984146e-03
2.441859826982808812e+01 2.045047796450518984e-01 6.269439545955348553e-03
2.379765722327566024e+01 2.093303660018955570e-01 7.090468455907684812e-03
2.323446890869638537e+01 2.141805268466858980e-01 7.960069424859652840e-03
2.272054182691348245e+01 2.190619256110176161e-01 8.877856725270080046e-03
2.224888825252628521e+01 2.239829175013939855e-01 9.843698179277205612e-03
2.181388183500970257e+01 2.289513020844340385e-01 1.085700976997248240e-02
2.141095462811097860e+01 2.339740906439933543e-01 1.191738243259068443e-02
2.103635892179963207e+01 2.390575148997320376e-01 1.302425375450349393e-02
2.068698507147061250e+01 2.442070637488070739e-01 1.417722458010314476e-02
2.036023155265040785e+01 2.494274182031178122e-01 1.537477893869297792e-02
2.005389864315404935e+01 2.547224973816389348e-01 1.661657373154803996e-02
1.976610939608405815e+01 2.600954347005125511e-01 1.790174649169767526e-02
1.949524754072824351e+01 2.655485394404460409e-01 1.922565303206208095e-02
1.923990792167206010e+01 2.710832535534053456e-01 2.058976855085838456e-02
1.899886918836402572e+01 2.766998701517591752e-01 2.199058852342476722e-02
1.877113676999707437e+01 2.823954777246055481e-01 2.342469308305752257e-02
1.855581796664946026e+01 2.881661875279267759e-01 2.488721095254602458e-02
1.835206187203288053e+01 2.940085235489596216e-01 2.637859807120375086e-02
1.815906117322802515e+01 2.999195567619630798e-01 2.789212174801027413e-02
1.797605440942481181e+01 3.058969068437941141e-01 2.942455404313727707e-02
1.780232432207014170e+01 3.119388387203991808e-01 3.097312918247540139e-02
1.763719705723664433e+01 3.180443225079315206e-01 3.253459342029035861e-02
1.748004075456956485e+01 3.242131054373626475e-01 3.410689243279867860e-02
1.733026409122384237e+01 3.304458140113698539e-01 3.568679984407438499e-02
1.718732869956878062e+01 3.367433163836008325e-01 3.727240543684259833e-02
1.705076547381237262e+01 3.431056875387600291e-01 3.886080722776975860e-02
1.692014858900366292e+01 3.495329061446053043e-01 4.044975761113407675e-02
1.679508606115844316e+01 3.560250628639894943e-01 4.203696286167019763e-02
1.667521647928099426e+01 3.625823363036142499e-01 4.362011874349068508e-02
1.656020418691213081e+01 3.692050734278015112e-01 4.519688274091975683e-02
1.644973631824129257e+01 3.758938422785377265e-01 4.676516123906741818e-02
1.634351913248086063e+01 3.826494891684132371e-01 4.832350545388974100e-02
1.624128473582205601e+01 3.894726343519074319e-01 4.986962385482276994e-02
1.614280663927528181e+01 3.963623141180416809e-01 5.140135742319593831e-02
1.604787462070637716e+01 4.033174006918749388e-01 5.291665427562379509e-02
1.595628801828381249e+01 4.103370648616911365e-01 5.441315303085302035e-02
1.586785429548890747e+01 4.174208359816656277e-01 5.588984832483289561e-02
1.578238930597442646e+01 4.245686527529392573e-01 5.734472086039258537e-02
1.569971612358855850e+01 4.317809558789859059e-01 5.877588954859769982e-02
1.561966624371910939e+01 4.390585589620463747e-01 6.018305700654444368e-02
1.554209480083139816e+01 4.464012001511866723e-01 6.156399910566211914e-02
1.546687131984807095e+01 4.538081033325154778e-01 6.291772213980270645e-02
1.539387036789452168e+01 4.612787381045857504e-01 6.424286076392317357e-02
1.532297199946960298e+01 4.688128883383379519e-01 6.553804490479260558e-02
1.525405845371371072e+01 4.764107375234916120e-01 6.680304464395030173e-02
1.518701716672551605e+01 4.840728872592061638e-01 6.803582914208403110e-02
1.512174346493321053e+01 4.917997007251577180e-01 6.923658888897132879e-02
1.505815038083484403e+01 4.995901974724115124e-01 7.040412567623863249e-02
1.499615451295228041e+01 5.074434551321448383e-01 7.153757872376595439e-02
1.493567430952831820e+01 5.153588751246747091e-01 7.263608013608430225e-02
1.487662942698407242e+01 5.233362639636625069e-01 7.369889728136916340e-02
1.481894089557943772e+01 5.313758481036866543e-01 7.472633999107519687e-02
1.476253553707446997e+01 5.394775842346084538e-01 7.571688611007021397e-02
1.470735217163133690e+01 5.476402630900027990e-01 7.667078453878739541e-02
1.465333107496366161e+01 5.558628528135062252e-01 7.758740109944936569e-02
1.460041308839149110e+01 5.641446803831703383e-01 7.846611271136495758e-02
1.454853876146610858e+01 5.724855426091930433e-01 7.930697494553852478e-02
1.449764981100120309e+01 5.808855930407471613e-01 8.011006962769906536e-02
1.444769690685521546e+01 5.893439565342826203e-01 8.087450163120679658e-02
1.439863527796849318e+01 5.978593278687318602e-01 8.160045569965805601e-02
1.435042022383943205e+01 6.064307527660204311e-01 8.228856842779343206e-02
1.430300601428224638e+01 6.150577336018766550e-01 8.293811310238385914e-02
1.425634744597665993e+01 6.237401270205132908e-01 8.354930710782028369e-02
1.421040597371436753e+01 6.324768426696941725e-01 8.412187205013399449e-02
1.416514694572201982e+01 6.412663336116802837e-01 8.465680279404963482e-02
1.412053501359650554e+01 6.501074159328606994e-01 8.515300843308945544e-02
1.407653384407438857e+01 6.589993685334016860e-01 8.561137879438099341e-02
1.403310771621471531e+01 6.679416616158179165e-01 8.603187091987796187e-02
1.399022748493690926e+01 6.769326332874174845e-01 8.641566443104871376e-02
1.394786465245729445e+01 6.859707167404752726e-01 8.676248310419447385e-02
1.390598987182342405e+01 6.950547670022030333e-01 8.707195946939040587e-02
1.386457261068851210e+01 7.041841402860056220e-01 8.734507146431592928e-02
1.382358644372695622e+01 7.133575357604109435e-01 8.758238068911847196e-02
1.378300841496324480e+01 7.225730804827515952e-01 8.778387685335144186e-02
1.374281460447172343e+01 7.318293019604529270e-01 8.795014099656807416e-02
1.370297958547258332e+01 7.411251787723786011e-01 8.808193190657283289e-02
1.366348069977716051e+01 7.504592373742738909e-01 8.817927440491696300e-02
1.362429865589376199e+01 7.598293359982960515e-01 8.824288935942600776e-02
1.358541299564069860e+01 7.692337721252964222e-01 8.827381039905200788e-02
1.354680194885438915e+01 7.786713365785340457e-01 8.827145456383049538e-02
1.350844633995740551e+01 7.881403276513707645e-01 8.823715843865494179e-02
1.347032954347650779e+01 7.976385711686194702e-01 8.817056429715533494e-02
1.343243393899761884e+01 8.071642603567285024e-01 8.807428198163545774e-02
1.339474069471939188e+01 8.167160075913588724e-01 8.794746609490713962e-02
1.335723478265632025e+01 8.262915529569542228e-01 8.779086872390531870e-02
1.331990162786920173e+01 8.358886247158542337e-01 8.760503832171048777e-02
1.328272511262791156e+01 8.455054650087399093e-01 8.739076643531745736e-02
1.324569008979786311e+01 8.551401451913731577e-01 8.714922125723049973e-02
1.320878418323234627e+01 8.647901376498183801e-01 8.688026093229850311e-02
1.317199373460522338e+01 8.744533406333432346e-01 8.658470061946245411e-02
1.313530446336515922e+01 8.841278975295452369e-01 8.626356853522568202e-02
1.309870534997489422e+01 8.938112096510126836e-01 8.591716118274388136e-02
1.306218477351564289e+01 9.035008973175245872e-01 8.554706114254903571e-02
1.302573008680474942e+01 9.131949161825048122e-01 8.515321066325834409e-02
1.298933119124773938e+01 9.228906074569012130e-01 8.473621456700554389e-02
1.295297799124696780e+01 9.325853941702111349e-01 8.429681723352870637e-02
1.291665915880751214e+01 9.422771106311136347e-01 8.383618502187106802e-02
1.288036563718767091e+01 9.519630584712922561e-01 8.335487034076932700e-02
1.284408848324300045e+01 9.616405698322422202e-01 8.285327537788209074e-02
1.280781770050975155e+01 9.713073596746044647e-01 8.233245721472183531e-02
1.277154559243065535e+01 9.809605469746088824e-01 8.179295995587795853e-02
1.273526403627870707e+01 9.905974327469910801e-01 8.123562595963565447e-02
1.269896445245938565e+01 1.000215505436550467e+00 8.066077425528042633e-02
1.266264025026019091e+01 1.009811779885178229e+00 8.006921801626624979e-02
1.262628366639321342e+01 1.019383600522695055e+00 7.946278541165159581e-02
1.258988782221718772e+01 1.028928256829976018e+00 7.884062208186463916e-02
1.255344674179013431e+01 1.038442765922804822e+00 7.820385921044484268e-02
1.251695340392920741e+01 1.047924505152385111e+00 7.755411819822823072e-02
1.248040261493480862e+01 1.057370431548473766e+00 7.689073762245110522e-02
1.244378853856273004e+01 1.066777735810880978e+00 7.621526438416090232e-02
1.240710562129282657e+01 1.076143563115069313e+00 7.552770021118915267e-02
1.237034941081668826e+01 1.085464882641173912e+00 7.482980036894139320e-02
1.233351443317804375e+01 1.094738956163999299e+00 7.412119383687114371e-02
1.229659695491385740e+01 1.103962660465834356e+00 7.340290400876370303e-02
1.225959223324842640e+01 1.113133176757872933e+00 7.267577171005668024e-02
1.222249681559243406e+01 1.122247469998566727e+00 7.193987680871156976e-02
1.218530671859707404e+01 1.131302635742358786e+00 7.119643364728506230e-02
1.214801847946476343e+01 1.140295779771993478e+00 7.044643152017990295e-02
1.211062917169117448e+01 1.149223915880751568e+00 6.968945170691387414e-02
1.207313558468079506e+01 1.158084133405665517e+00 6.892511964430678151e-02
1.203553559553201069e+01 1.166873409995246469e+00 6.815654986271039995e-02
1.199782626803947494e+01 1.175588900460122321e+00 6.738340829084513151e-02
1.196000575424754686e+01 1.184227635864680162e+00 6.660597287124581101e-02
1.192207176212780340e+01 1.192786814703210130e+00 6.582426077302819256e-02
1.188402278421870406e+01 1.201263535679951255e+00 6.504033942456488582e-02
1.184585738585690429e+01 1.209654860133663190e+00 6.425295782071846484e-02
1.180757422735931428e+01 1.217958031105192518e+00 6.346359075919179304e-02
1.176917213287884145e+01 1.226170243656083958e+00 6.267268708706501268e-02
1.173065047495839863e+01 1.234288682928361025e+00 6.188080514891265010e-02
1.169200846916394632e+01 1.242310615708444255e+00 6.108832554486053057e-02
1.165324566604188483e+01 1.250233335039475646e+00 6.029641858181653685e-02
1.161436194067485950e+01 1.258054182309546132e+00 5.950323065736169009e-02
1.157535709388418255e+01 1.265770544556430011e+00 5.871167137077237114e-02
1.153623149176899787e+01 1.273379792152792733e+00 5.792107860138154263e-02
1.149698548357288530e+01 1.280879374053603081e+00 5.713193312548679043e-02
1.145761978188503782e+01 1.288266723722722773e+00 5.634520742959468753e-02
1.141813491593508978e+01 1.295539428562795248e+00 5.556092405385050503e-02
1.137853182471434721e+01 1.302695105245435858e+00 5.477905109093623298e-02
1.133881170406574235e+01 1.309731364797040332e+00 5.400034523955666438e-02
1.129897567129041036e+01 1.316645965658752804e+00 5.322513907314854742e-02
1.125902531164608256e+01 1.323436664899500403e+00 5.245369673924354936e-02
1.121896236294535143e+01 1.330101228806039870e+00 5.168619607043625080e-02
1.117878842300339670e+01 1.336637577993390780e+00 5.092328245297555317e-02
1.113850550768298042e+01 1.343043690644273536e+00 5.016526042621664849e-02
1.109811583278687230e+01 1.349317534610118940e+00 4.941222464687110988e-02
1.105762173522761849e+01 1.355457182475737321e+00 4.866433307603820063e-02
1.101702560568229927e+01 1.361460762278191794e+00 4.792205469465636580e-02
1.097632995155413838e+01 1.367326544106957753e+00 4.718584735710715933e-02
1.093553732268492418e+01 1.373052818598076597e+00 4.645531841782486737e-02
1.089465080943665143e+01 1.378637964475144306e+00 4.573101967133564455e-02
1.085367318755894495e+01 1.384080432975552277e+00 4.501341440147395290e-02
1.081260776650653987e+01 1.389378761637384940e+00 4.430356619497342885e-02
1.077145792389253742e+01 1.394531499509040762e+00 4.359824575370476601e-02
1.073022667437111544e+01 1.399537390555606553e+00 4.290078028215704720e-02
1.068891748519162910e+01 1.404395253837724011e+00 4.221117846763056125e-02
1.064753465557674872e+01 1.409103806555646043e+00 4.152849381138092738e-02
1.060608182811458455e+01 1.413661935699683569e+00 4.085343552567801545e-02
1.056456219031365329e+01 1.418068777406692904e+00 4.018610326457095622e-02
1.052297998731063799e+01 1.422323426975762972e+00 3.952647873913552740e-02
1.048133957360987267e+01 1.426424992514318646e+00 3.887453325216928823e-02
1.043964492033483182e+01 1.430372742241962092e+00 3.823075442574066368e-02
1.039790044083215115e+01 1.434166042996160462e+00 3.759530530438291718e-02
1.035611030237403796e+01 1.437804305642485847e+00 3.696718768469396676e-02
1.031427893977578947e+01 1.441287071966483202e+00 3.634799891048483278e-02
1.027241081032346059e+01 1.444613969769722006e+00 3.573695509201381404e-02
1.023051074502452273e+01 1.447784641665537553e+00 3.513422355082276849e-02
1.018858349871409708e+01 1.450798858558864035e+00 3.453985271262240142e-02
1.014663367491979962e+01 1.453656472854804038e+00 3.395399877248433951e-02
1.010466601903524442e+01 1.456357463647428796e+00 3.337645908051577875e-02
1.006268560222105712e+01 1.458901820138170491e+00 3.280742470755013823e-02
1.002069746186042920e+01 1.461289646932202979e+00 3.224634714533739649e-02
9.978706127811458160e+00 1.463521173869426928e+00 3.169500525271212038e-02
9.936717194868039726e+00 1.465596640229034797e+00 3.115159137703712305e-02
9.894735566357729439e+00 1.467516397411110507e+00 3.061666715214539716e-02
9.852766132826820566e+00 1.469280969091239397e+00 3.009042038444683861e-02
9.810814506200376428e+00 1.470890738233150419e+00 2.957253446513711387e-02
9.768885756140621268e+00 1.472346405441381068e+00 2.906308651737971385e-02
9.726985373237251764e+00 1.473648566105760560e+00 2.856189678384197725e-02
9.685118285026607765e+00 1.474798013701649646e+00 2.806936945045817797e-02
9.643290235418778167e+00 1.475795532863835247e+00 2.758526032298734207e-02
9.601506438538024213e+00 1.476642035122590624e+00 2.710949175513462789e-02
9.559772545540313970e+00 1.477338450983955997e+00 2.664191640649048870e-02
9.518093563102722143e+00 1.477885846595585528e+00 2.618274663749786679e-02
9.476475473571047914e+00 1.478285283570025754e+00 2.573164492010458076e-02
9.434923313634854480e+00 1.478537950384197108e+00 2.528898328014065819e-02
9.393442785667950545e+00 1.478645053072412230e+00 2.485365072485042764e-02
9.352039135274694104e+00 1.478607913021616094e+00 2.442710268507998841e-02
9.310718099288232352e+00 1.478427871047003794e+00 2.400815078616860831e-02
9.269485194630513902e+00 1.478106343103722908e+00 2.359723302155105479e-02
9.228345883717661735e+00 1.477644768912472983e+00 2.319395519312361653e-02
9.187305601231637198e+00 1.477044721855558240e+00 2.279847054878584786e-02
9.146369806367864896e+00 1.476307757718357427e+00 2.241064405418912581e-02
9.105543814461576346e+00 1.475435539469414303e+00 2.203016049814431054e-02
9.064833571235281440e+00 1.474429732869962928e+00 2.165751077423769960e-02
9.024244086528442566e+00 1.473292068690327028e+00 2.129207921622921704e-02
8.983780909806410975e+00 1.472024319773507006e+00 2.093407267995452126e-02
